4  7
0.0516925  0.131048  0.331083  0.356144  0.121869  0.00204082  0.00612245  
3.81573  4.97979e-10  4.97979e-10  1.76425e-10  
13.4849  1.71992e-10  1.71992e-10  -1.49282e-10  
34.9986  8.257e-12  8.257e-12  -3.12176e-10  
67.8306  -2.26327e-16  -1.40861e-15  -3.21703e-10  
90.1842  2.19853e-15  -1.25243e-14  -3.21794e-10  
98  0.0176903  0.0103783  -0.0136071  
98  0.00829817  -0.0638271  -2.00542e+17  
4.28456  1.99834e-10  1.99834e-10  -3.00854e-08  
1.99834e-10  1e-05  2.67589e-20  -6.26785e-17  
1.99834e-10  2.67589e-20  1e-05  1.86886e-19  
-3.00854e-08  -6.26785e-17  1.86886e-19  1.93454e+08  
32.4663  -1.03072e-09  -1.03072e-09  -2.81832e-08  
-1.03072e-09  1e-05  4.44509e-20  -6.27109e-17  
-1.03072e-09  4.44509e-20  1e-05  9.97073e-20  
-2.81832e-08  -6.27109e-17  9.97073e-20  1.93286e+08  
148.139  -2.82604e-10  -2.82604e-10  -2.04703e-08  
-2.82604e-10  1e-05  5.13079e-21  -6.26386e-17  
-2.82604e-10  5.13079e-21  1e-05  7.68787e-21  
-2.04703e-08  -6.26386e-17  7.68787e-21  1.9278e+08  
156.917  6.14728e-14  2.5804e-14  -9.70552e-09  
6.14728e-14  1e-05  1.86731e-18  -6.53428e-17  
2.5804e-14  1.86731e-18  1e-05  -1.4363e-18  
-9.70552e-09  -6.53428e-17  -1.4363e-18  1.93544e+08  
22.6767  1.77054e-14  -9.73643e-14  -2.51506e-09  
1.77054e-14  1e-05  2.32533e-17  -9.33997e-17  
-9.73643e-14  2.32533e-17  1e-05  -1.7886e-17  
-2.51506e-09  -9.33997e-17  -1.7886e-17  1.93598e+08  
1.00001e-05  7.783e-15  4.56602e-15  -3.53579e-15  
7.783e-15  1e-05  1.05872e-11  -8.1985e-12  
4.56602e-15  1.05872e-11  1e-05  -4.80974e-12  
-3.53579e-15  -8.1985e-12  -4.80974e-12  1.93257e+08  
1e-05  8.91813e-39  -6.85958e-38  -2.15524e-19  
8.91813e-39  0.000147716  -0.000788648  1.66409e+15  
-6.85958e-38  -0.000788648  0.00470359  -1.28e+16  
-2.15524e-19  1.66409e+15  -1.28e+16  8.04338e+34  
