4  10
0.0317388  0.0790651  0.165876  0.11802  0.110743  0.189716  0.219264  0.0774153  0.00204082  0.00612245  
2.49676  -4.39921e-10  -4.39921e-10  -1.17747e-10  
8.19932  -3.98875e-10  -3.98875e-10  -7.66159e-11  
19.661  -3.46232e-11  -3.46232e-11  2.8635e-10  
33.3885  2.21733e-12  2.21733e-12  3.22922e-10  
44.9568  -3.06939e-13  -3.06939e-13  3.20514e-10  
59.4011  3.18953e-15  3.18961e-15  3.20019e-10  
79.0314  -5.77821e-16  1.25303e-15  3.22143e-10  
92.9275  -3.32608e-15  1.86202e-14  3.22058e-10  
98  -0.0176903  -0.0103783  0.0136071  
98  -0.00829817  0.0638271  2.00542e+17  
1.52373  -2.08047e-10  -2.08047e-10  3.05606e-08  
-2.08047e-10  1e-05  3.35666e-20  -6.28114e-17  
-2.08047e-10  3.35666e-20  1e-05  1.75298e-19  
3.05606e-08  -6.28114e-17  1.75298e-19  1.93828e+08  
11.1483  5.39657e-10  5.39657e-10  2.94787e-08  
5.39657e-10  1e-05  3.80086e-20  -6.28368e-17  
5.39657e-10  3.80086e-20  1e-05  1.6655e-19  
2.94787e-08  -6.28368e-17  1.6655e-19  1.93879e+08  
39.6194  5.19872e-10  5.19872e-10  2.56647e-08  
5.19872e-10  1e-05  1.57454e-20  -6.27252e-17  
5.19872e-10  1.57454e-20  1e-05  2.68586e-20  
2.56647e-08  -6.27252e-17  2.68586e-20  1.93106e+08  
29.9804  -2.48431e-11  -2.48431e-11  2.06964e-08  
-2.48431e-11  1e-05  4.47547e-23  -6.27002e-17  
-2.48431e-11  4.47547e-23  1e-05  -6.66357e-22  
2.06964e-08  -6.27002e-17  -6.66357e-22  1.92944e+08  
31.2857  1.64227e-12  1.64227e-12  1.7019e-08  
1.64227e-12  1e-05  4.36493e-25  -6.27221e-17  
1.64227e-12  4.36493e-25  1e-05  9.89068e-23  
1.7019e-08  -6.27221e-17  9.89068e-23  1.93014e+08  
57.7708  1.64986e-13  1.64989e-13  1.23524e-08  
1.64986e-13  1e-05  1.28213e-22  -6.25649e-17  
1.64989e-13  1.28213e-22  1e-05  -9.96152e-23  
1.23524e-08  -6.25649e-17  -9.96152e-23  1.92529e+08  
61.3589  -4.69436e-15  3.00343e-14  6.1106e-09  
-4.69436e-15  1e-05  2.89165e-18  -6.67719e-17  
3.00343e-14  2.89165e-18  1e-05  -2.22421e-18  
6.1106e-09  -6.67719e-17  -2.22421e-18  1.93809e+08  
9.19861  -1.70143e-14  9.43084e-14  1.63364e-09  
-1.70143e-14  1e-05  3.46619e-17  -1.08409e-16  
9.43084e-14  3.46619e-17  1e-05  -2.66613e-17  
1.63364e-09  -1.08409e-16  -2.66613e-17  1.93756e+08  
1.00001e-05  -6.00205e-15  -2.2896e-15  1.03475e-14  
-6.00205e-15  1e-05  1.11665e-11  -8.95793e-12  
-2.2896e-15  1.11665e-11  1e-05  -5.25527e-12  
1.03475e-14  -8.95793e-12  -5.25527e-12  1.93257e+08  
1e-05  -8.78215e-39  6.75498e-38  2.12238e-19  
-8.78215e-39  0.000147716  -0.000788648  1.66409e+15  
6.75498e-38  -0.000788648  0.00470359  -1.28e+16  
2.12238e-19  1.66409e+15  -1.28e+16  8.04338e+34  
