3,3,98
7.02607e-06 3.78844e-21 -4.13368e-17 
3.78844e-21 7.02607e-06 2.91842e-18 
-4.13368e-17 2.91842e-18 1.36186e+08 
7.16977e-06 3.84929e-21 -4.21681e-17 
3.84929e-21 7.16977e-06 2.99222e-18 
-4.21681e-17 2.99222e-18 1.38971e+08 
6.14924e-06 3.51186e-21 -3.63425e-17 
3.51186e-21 6.14924e-06 2.39024e-18 
-3.63425e-17 2.39024e-18 1.19191e+08 
4.56272e-06 3.68983e-21 -2.78753e-17 
3.68983e-21 4.56272e-06 8.66534e-19 
-2.78753e-17 8.66534e-19 8.84466e+07 
5.94337e-06 6.85932e-21 -3.8033e-17 
6.85932e-21 5.94337e-06 -5.90148e-19 
-3.8033e-17 -5.90148e-19 1.15222e+08 
7.6266e-06 9.02335e-21 -4.89935e-17 
9.02335e-21 7.6266e-06 -9.46599e-19 
-4.89935e-17 -9.46599e-19 1.47854e+08 
7.6346e-06 9.01955e-21 -4.90407e-17 
9.01955e-21 7.6346e-06 -9.44824e-19 
-4.90407e-17 -9.44824e-19 1.48005e+08 
7.21743e-06 8.49559e-21 -4.63485e-17 
8.49559e-21 7.21743e-06 -8.83216e-19 
-4.63485e-17 -8.83216e-19 1.39909e+08 
6.63094e-06 7.74495e-21 -4.25577e-17 
7.74495e-21 6.63094e-06 -7.92098e-19 
-4.25577e-17 -7.92098e-19 1.28524e+08 
5.93356e-06 6.81366e-21 -3.80345e-17 
6.81366e-21 5.93356e-06 -6.7132e-19 
-3.80345e-17 -6.7132e-19 1.14977e+08 
5.28417e-06 5.85205e-21 -3.37842e-17 
5.85205e-21 5.28417e-06 -5.28551e-19 
-3.37842e-17 -5.28551e-19 1.02337e+08 
4.99606e-06 5.18772e-21 -3.18021e-17 
5.18772e-21 4.99606e-06 -3.88917e-19 
-3.18021e-17 -3.88917e-19 9.66671e+07 
5.3892e-06 5.18977e-21 -3.41398e-17 
5.18977e-21 5.3892e-06 -2.89151e-19 
-3.41398e-17 -2.89151e-19 1.04168e+08 
6.44132e-06 5.90342e-21 -4.06833e-17 
5.90342e-21 6.44132e-06 -2.49466e-19 
-4.06833e-17 -2.49466e-19 1.24426e+08 
7.69696e-06 6.91774e-21 -4.85585e-17 
6.91774e-21 7.69696e-06 -2.54317e-19 
-4.85585e-17 -2.54317e-19 1.48645e+08 
8.6838e-06 7.76135e-21 -5.47667e-17 
7.76135e-21 8.6838e-06 -2.73067e-19 
-5.47667e-17 -2.73067e-19 1.67692e+08 
9.2443e-06 8.25117e-21 -5.82973e-17 
8.25117e-21 9.2443e-06 -2.87268e-19 
-5.82973e-17 -2.87268e-19 1.78513e+08 
9.45107e-06 8.4322e-21 -5.96004e-17 
8.4322e-21 9.45107e-06 -2.92952e-19 
-5.96004e-17 -2.92952e-19 1.82506e+08 
9.41645e-06 8.39749e-21 -5.93818e-17 
8.39749e-21 9.41645e-06 -2.91633e-19 
-5.93818e-17 -2.91633e-19 1.81837e+08 
9.20822e-06 8.20339e-21 -5.80682e-17 
8.20339e-21 9.20822e-06 -2.8486e-19 
-5.80682e-17 -2.8486e-19 1.77816e+08 
8.84727e-06 7.86235e-21 -5.57912e-17 
7.86235e-21 8.84727e-06 -2.72977e-19 
-5.57912e-17 -2.72977e-19 1.70845e+08 
8.33124e-06 7.36016e-21 -5.25352e-17 
7.36016e-21 8.33124e-06 -2.55456e-19 
-5.25352e-17 -2.55456e-19 1.6088e+08 
7.66306e-06 6.6771e-21 -4.83179e-17 
6.6771e-21 7.66306e-06 -2.31566e-19 
-4.83179e-17 -2.31566e-19 1.47975e+08 
6.88044e-06 5.81047e-21 -4.33754e-17 
5.81047e-21 6.88044e-06 -2.01142e-19 
-4.33754e-17 -2.01142e-19 1.32859e+08 
6.07779e-06 4.79558e-21 -3.83009e-17 
4.79558e-21 6.07779e-06 -1.65317e-19 
-3.83009e-17 -1.65317e-19 1.17354e+08 
5.40148e-06 3.71479e-21 -3.40157e-17 
3.71479e-21 5.40148e-06 -1.26855e-19 
-3.40157e-17 -1.26855e-19 1.04286e+08 
5.00238e-06 2.68144e-21 -3.14701e-17 
2.68144e-21 5.00238e-06 -8.96508e-20 
-3.14701e-17 -8.96508e-20 9.65664e+07 
4.9624e-06 1.80038e-21 -3.1182e-17 
1.80038e-21 4.9624e-06 -5.74089e-20 
-3.1182e-17 -5.74089e-20 9.5779e+07 
5.24776e-06 1.12949e-21 -3.29421e-17 
1.12949e-21 5.24776e-06 -3.23113e-20 
-3.29421e-17 -3.23113e-20 1.01273e+08 
5.72713e-06 6.68929e-22 -3.59273e-17 
6.68929e-22 5.72713e-06 -1.45932e-20 
-3.59273e-17 -1.45932e-20 1.10514e+08 
6.23499e-06 3.79523e-22 -3.90984e-17 
3.79523e-22 6.23499e-06 -3.10984e-21 
-3.90984e-17 -3.10984e-21 1.20307e+08 
6.62986e-06 2.10096e-22 -4.15664e-17 
2.10096e-22 6.62986e-06 3.76217e-21 
-4.15664e-17 3.76217e-21 1.27923e+08 
6.8203e-06 1.16012e-22 -4.27562e-17 
1.16012e-22 6.8203e-06 7.48606e-21 
-4.27562e-17 7.48606e-21 1.31596e+08 
6.76622e-06 6.5542e-23 -4.24153e-17 
6.5542e-23 6.76622e-06 9.12879e-21 
-4.24153e-17 9.12879e-21 1.30552e+08 
6.47458e-06 3.88126e-23 -4.05866e-17 
3.88126e-23 6.47458e-06 9.38651e-21 
-4.05866e-17 9.38651e-21 1.24925e+08 
6.00008e-06 2.43871e-23 -3.76126e-17 
2.43871e-23 6.00008e-06 8.7075e-21 
-3.76126e-17 8.7075e-21 1.15771e+08 
5.44692e-06 1.61065e-23 -3.41463e-17 
1.61065e-23 5.44692e-06 7.41719e-21 
-3.41463e-17 7.41719e-21 1.05101e+08 
4.95621e-06 1.08796e-23 -3.10724e-17 
1.08796e-23 4.95621e-06 5.80199e-21 
-3.10724e-17 5.80199e-21 9.56363e+07 
4.66597e-06 7.30092e-24 -2.92558e-17 
7.30092e-24 4.66597e-06 4.13382e-21 
-2.92558e-17 4.13382e-21 9.00411e+07 
4.65299e-06 4.80961e-24 -2.91777e-17 
4.80961e-24 4.65299e-06 2.64128e-21 
-2.91777e-17 2.64128e-21 8.97962e+07 
4.89383e-06 3.19115e-24 -3.06908e-17 
3.19115e-24 4.89383e-06 1.46419e-21 
-3.06908e-17 1.46419e-21 9.44489e+07 
5.27781e-06 2.32752e-24 -3.31008e-17 
2.32752e-24 5.27781e-06 6.36676e-22 
-3.31008e-17 6.36676e-22 1.01862e+08 
5.66266e-06 2.12522e-24 -3.55152e-17 
2.12522e-24 5.66266e-06 1.13389e-22 
-3.55152e-17 1.13389e-22 1.09291e+08 
5.93162e-06 2.53715e-24 -3.72019e-17 
2.53715e-24 5.93162e-06 -1.84315e-22 
-3.72019e-17 -1.84315e-22 1.1448e+08 
6.02216e-06 3.60751e-24 -3.77686e-17 
3.60751e-24 6.02216e-06 -3.3202e-22 
-3.77686e-17 -3.3202e-22 1.16223e+08 
5.92739e-06 5.50922e-24 -3.71719e-17 
5.50922e-24 5.92739e-06 -3.86539e-22 
-3.71719e-17 -3.86538e-22 1.14387e+08 
5.68581e-06 8.57453e-24 -3.5653e-17 
8.57453e-24 5.68581e-06 -3.85374e-22 
-3.5653e-17 -3.85374e-22 1.09713e+08 
5.37096e-06 1.33323e-23 -3.36727e-17 
1.33323e-23 5.37096e-06 -3.52314e-22 
-3.36727e-17 -3.52314e-22 1.03619e+08 
5.08113e-06 2.05811e-23 -3.18469e-17 
2.05811e-23 5.08113e-06 -3.03387e-22 
-3.18469e-17 -3.03387e-22 9.8001e+07 
4.92284e-06 3.15837e-23 -3.08435e-17 
3.15837e-23 4.92284e-06 -2.50969e-22 
-3.08435e-17 -2.50969e-22 9.49134e+07 
4.98359e-06 4.85978e-23 -3.12113e-17 
4.85978e-23 4.98359e-06 -2.05819e-22 
-3.12113e-17 -2.05819e-22 9.60452e+07 
5.29996e-06 7.61674e-23 -3.31802e-17 
7.61674e-23 5.29996e-06 -1.77949e-22 
-3.31802e-17 -1.77949e-22 1.02104e+08 
5.839e-06 1.23855e-22 -3.65446e-17 
1.23855e-22 5.839e-06 -1.78017e-22 
-3.65446e-17 -1.78017e-22 1.12457e+08 
6.50876e-06 2.1141e-22 -4.07295e-17 
2.1141e-22 6.50876e-06 -2.21207e-22 
-4.07295e-17 -2.21207e-22 1.25335e+08 
7.19424e-06 3.78e-22 -4.5015e-17 
3.78e-22 7.19424e-06 -3.35285e-22 
-4.5015e-17 -3.35285e-22 1.38522e+08 
7.79626e-06 6.98542e-22 -4.878e-17 
6.98542e-22 7.79626e-06 -5.74648e-22 
-4.878e-17 -5.74648e-22 1.50107e+08 
8.25268e-06 1.31284e-21 -5.16355e-17 
1.31284e-21 8.25268e-06 -1.04392e-21 
-5.16355e-17 -1.04392e-21 1.58892e+08 
8.5382e-06 2.47754e-21 -5.3423e-17 
2.47754e-21 8.5382e-06 -1.93845e-21 
-5.3423e-17 -1.93845e-21 1.64388e+08 
8.65194e-06 4.65696e-21 -5.41376e-17 
4.65696e-21 8.65194e-06 -3.61414e-21 
-5.41376e-17 -3.61414e-21 1.66578e+08 
8.60403e-06 8.67668e-21 -5.38436e-17 
8.67668e-21 8.60403e-06 -6.70536e-21 
-5.38436e-17 -6.70536e-21 1.65657e+08 
8.40689e-06 1.59699e-20 -5.26208e-17 
1.59699e-20 8.40689e-06 -1.23142e-20 
-5.26208e-17 -1.23142e-20 1.61864e+08 
8.07289e-06 2.89422e-20 -5.055e-17 
2.89422e-20 8.07289e-06 -2.22908e-20 
-5.055e-17 -2.22908e-20 1.5544e+08 
7.61733e-06 5.14466e-20 -4.77325e-17 
5.14466e-20 7.61733e-06 -3.95989e-20 
-4.77325e-17 -3.95989e-20 1.46679e+08 
7.06543e-06 8.9262e-20 -4.43346e-17 
8.9262e-20 7.06543e-06 -6.86833e-20 
-4.43346e-17 -6.86833e-20 1.3607e+08 
6.46041e-06 1.50291e-19 -4.06381e-17 
1.50291e-19 6.46041e-06 -1.15623e-19 
-4.06381e-17 -1.15623e-19 1.24448e+08 
5.86854e-06 2.43982e-19 -3.70714e-17 
2.43982e-19 5.86854e-06 -1.87685e-19 
-3.70714e-17 -1.87685e-19 1.13095e+08 
5.37516e-06 3.79447e-19 -3.41816e-17 
3.79447e-19 5.37516e-06 -2.91879e-19 
-3.41816e-17 -2.91879e-19 1.03655e+08 
5.06784e-06 5.62244e-19 -3.25248e-17 
5.62244e-19 5.06784e-06 -4.3248e-19 
-3.25248e-17 -4.3248e-19 9.78196e+07 
5.00976e-06 7.90859e-19 -3.24941e-17 
7.90859e-19 5.00976e-06 -6.08324e-19 
-3.24941e-17 -6.08324e-19 9.68027e+07 
5.216e-06 1.05492e-18 -3.41686e-17 
1.05492e-18 5.216e-06 -8.1143e-19 
-3.41686e-17 -8.1143e-19 1.0089e+08 
5.64722e-06 1.33674e-18 -3.72766e-17 
1.33674e-18 5.64722e-06 -1.0282e-18 
-3.72766e-17 -1.0282e-18 1.09317e+08 
6.22548e-06 1.61591e-18 -4.13007e-17 
1.61591e-18 6.22548e-06 -1.24293e-18 
-4.13007e-17 -1.24293e-18 1.20574e+08 
6.86219e-06 1.87452e-18 -4.56605e-17 
1.87452e-18 6.86219e-06 -1.44185e-18 
-4.56605e-17 -1.44185e-18 1.32947e+08 
7.48262e-06 2.10065e-18 -4.98712e-17 
2.10065e-18 7.48262e-06 -1.61579e-18 
-4.98712e-17 -1.61579e-18 1.44992e+08 
8.03804e-06 2.28917e-18 -5.36204e-17 
2.28917e-18 8.03804e-06 -1.76079e-18 
-5.36204e-17 -1.76079e-18 1.55769e+08 
8.50564e-06 2.44041e-18 -5.6766e-17 
2.44041e-18 8.50564e-06 -1.87712e-18 
-5.6766e-17 -1.87712e-18 1.64839e+08 
8.88195e-06 2.55813e-18 -5.92916e-17 
2.55813e-18 8.88195e-06 -1.96767e-18 
-5.92916e-17 -1.96767e-18 1.72136e+08 
9.17482e-06 2.64766e-18 -6.12543e-17 
2.64766e-18 9.17482e-06 -2.03654e-18 
-6.12543e-17 -2.03654e-18 1.77814e+08 
9.397e-06 2.71449e-18 -6.27415e-17 
2.71449e-18 9.397e-06 -2.08794e-18 
-6.27415e-17 -2.08794e-18 1.82121e+08 
9.56149e-06 2.76341e-18 -6.38418e-17 
2.76341e-18 9.56149e-06 -2.12557e-18 
-6.38418e-17 -2.12557e-18 1.8531e+08 
9.67776e-06 2.79774e-18 -6.46192e-17 
2.79774e-18 9.67776e-06 -2.15197e-18 
-6.46192e-17 -2.15197e-18 1.87564e+08 
9.74601e-06 2.8179e-18 -6.50756e-17 
2.8179e-18 9.74601e-06 -2.16748e-18 
-6.50756e-17 -2.16748e-18 1.88887e+08 
9.74459e-06 2.81835e-18 -6.50672e-17 
2.81835e-18 9.74459e-06 -2.16783e-18 
-6.50672e-17 -2.16783e-18 1.88859e+08 
9.60566e-06 2.78408e-18 -6.41473e-17 
2.78408e-18 9.60566e-06 -2.14147e-18 
-6.41473e-17 -2.14147e-18 1.86167e+08 
9.18726e-06 2.7033e-18 -6.14063e-17 
2.7033e-18 9.18726e-06 -2.07933e-18 
-6.14063e-17 -2.07933e-18 1.78057e+08 
8.30667e-06 2.66197e-18 -5.58059e-17 
2.66197e-18 8.30667e-06 -2.04754e-18 
-5.58059e-17 -2.04754e-18 1.6099e+08 
6.96463e-06 3.09446e-18 -4.79203e-17 
3.09446e-18 6.96463e-06 -2.38021e-18 
-4.79203e-17 -2.38021e-18 1.34979e+08 
5.64129e-06 4.86578e-18 -4.1907e-17 
4.86578e-18 5.64129e-06 -3.74267e-18 
-4.1907e-17 -3.74267e-18 1.09328e+08 
5.01281e-06 8.45411e-18 -4.26515e-17 
8.45411e-18 5.01281e-06 -6.50275e-18 
-4.26515e-17 -6.50275e-18 9.71413e+07 
5.21348e-06 1.30924e-17 -4.99941e-17 
1.30924e-17 5.21348e-06 -1.00705e-17 
-4.99941e-17 -1.00705e-17 1.01023e+08 
5.84196e-06 1.74927e-17 -5.97192e-17 
1.74927e-17 5.84196e-06 -1.3455e-17 
-5.97192e-17 -1.3455e-17 1.13196e+08 
6.50135e-06 2.09136e-17 -6.83556e-17 
2.09136e-17 6.50135e-06 -1.60864e-17 
-6.83556e-17 -1.60864e-17 1.2597e+08 
7.01164e-06 2.32421e-17 -7.46212e-17 
2.32421e-17 7.01164e-06 -1.78774e-17 
-7.46212e-17 -1.78774e-17 1.35857e+08 
7.33496e-06 2.46285e-17 -7.84744e-17 
2.46285e-17 7.33496e-06 -1.89438e-17 
-7.84744e-17 -1.89438e-17 1.42121e+08 
7.48103e-06 2.5237e-17 -8.01919e-17 
2.5237e-17 7.48103e-06 -1.94118e-17 
-8.01919e-17 -1.94118e-17 1.44951e+08 
7.46109e-06 2.51544e-17 -7.99581e-17 
2.51544e-17 7.46109e-06 -1.93483e-17 
-7.99581e-17 -1.93483e-17 1.44564e+08 
7.2734e-06 2.43686e-17 -7.77461e-17 
2.43686e-17 7.2734e-06 -1.87439e-17 
-7.77461e-17 -1.87439e-17 1.40928e+08 
8.32122e-05 -0.000440949 9.30424e+14 
-0.000440949 0.00263049 -7.15673e+15 
9.30424e+14 -7.15673e+15 4.49721e+34 
