3,3,98
6.53355e-06 1.12108e-20 -4.01017e-17 
1.12108e-20 6.53355e-06 9.69766e-19 
-4.01017e-17 9.69766e-19 1.26388e+08 
6.96382e-06 1.20084e-20 -4.2722e-17 
1.20084e-20 6.96382e-06 1.05488e-18 
-4.2722e-17 1.05488e-18 1.34714e+08 
6.95025e-06 1.19798e-20 -4.26417e-17 
1.19798e-20 6.95025e-06 1.04994e-18 
-4.26417e-17 1.04994e-18 1.34451e+08 
6.50178e-06 1.11355e-20 -3.99182e-17 
1.11355e-20 6.50178e-06 9.53375e-19 
-3.99182e-17 9.53375e-19 1.25773e+08 
5.6177e-06 9.40923e-21 -3.45734e-17 
9.40923e-21 5.6177e-06 7.38559e-19 
-3.45734e-17 7.38559e-19 1.08665e+08 
4.59797e-06 7.14835e-21 -2.85144e-17 
7.14835e-21 4.59797e-06 3.82275e-19 
-2.85144e-17 3.82275e-19 8.89231e+07 
4.43255e-06 5.85675e-21 -2.78943e-17 
5.85675e-21 4.43255e-06 -4.76186e-20 
-2.78943e-17 -4.76186e-20 8.56921e+07 
5.61436e-06 6.63761e-21 -3.56372e-17 
6.63761e-21 5.61436e-06 -3.73809e-19 
-3.56372e-17 -3.73809e-19 1.08515e+08 
6.82757e-06 7.89484e-21 -4.34042e-17 
7.89484e-21 6.82757e-06 -5.22581e-19 
-4.34042e-17 -5.22581e-19 1.31959e+08 
7.29748e-06 8.40806e-21 -4.63961e-17 
8.40806e-21 7.29748e-06 -5.63601e-19 
-4.63961e-17 -5.63601e-19 1.41039e+08 
7.31719e-06 8.40663e-21 -4.65187e-17 
8.40663e-21 7.31719e-06 -5.63007e-19 
-4.65187e-17 -5.63007e-19 1.41419e+08 
7.16787e-06 8.19964e-21 -4.55648e-17 
8.19964e-21 7.16787e-06 -5.47743e-19 
-4.55648e-17 -5.47743e-19 1.3853e+08 
6.94312e-06 7.89024e-21 -4.41293e-17 
7.89024e-21 6.94312e-06 -5.24971e-19 
-4.41293e-17 -5.24971e-19 1.34183e+08 
6.66415e-06 7.49676e-21 -4.23463e-17 
7.49676e-21 6.66415e-06 -4.95695e-19 
-4.23463e-17 -4.95695e-19 1.28786e+08 
6.33897e-06 7.01966e-21 -4.02655e-17 
7.01966e-21 6.33897e-06 -4.59596e-19 
-4.02655e-17 -4.59596e-19 1.22494e+08 
5.98094e-06 6.46206e-21 -3.79704e-17 
6.46206e-21 5.98094e-06 -4.16392e-19 
-3.79704e-17 -4.16392e-19 1.15564e+08 
5.61622e-06 5.83789e-21 -3.5625e-17 
5.83789e-21 5.61622e-06 -3.66368e-19 
-3.5625e-17 -3.66368e-19 1.08501e+08 
5.28839e-06 5.17778e-21 -3.35039e-17 
5.17778e-21 5.28839e-06 -3.10793e-19 
-3.35039e-17 -3.10793e-19 1.02144e+08 
5.05864e-06 4.53223e-21 -3.19936e-17 
4.53223e-21 5.05864e-06 -2.52248e-19 
-3.19936e-17 -2.52248e-19 9.7677e+07 
4.99699e-06 3.96772e-21 -3.15374e-17 
3.96772e-21 4.99699e-06 -1.94612e-19 
-3.15374e-17 -1.94612e-19 9.64506e+07 
5.16139e-06 3.55196e-21 -3.25038e-17 
3.55196e-21 5.16139e-06 -1.42437e-19 
-3.25038e-17 -1.42437e-19 9.9585e+07 
5.56995e-06 3.33045e-21 -3.50111e-17 
3.33045e-21 5.56995e-06 -9.97145e-20 
-3.50111e-17 -9.97145e-20 1.07432e+08 
6.18229e-06 3.30611e-21 -3.88088e-17 
3.30611e-21 6.18229e-06 -6.85425e-20 
-3.88088e-17 -6.85425e-20 1.19215e+08 
6.90685e-06 3.43704e-21 -4.33232e-17 
3.43704e-21 6.90685e-06 -4.85447e-20 
-4.33232e-17 -4.85447e-20 1.33168e+08 
7.63402e-06 3.65602e-21 -4.78646e-17 
3.65602e-21 7.63402e-06 -3.74226e-20 
-4.78646e-17 -3.74226e-20 1.47178e+08 
8.27436e-06 3.89865e-21 -5.18693e-17 
3.89865e-21 8.27436e-06 -3.21878e-20 
-5.18693e-17 -3.21878e-20 1.59517e+08 
8.77963e-06 4.1227e-21 -5.5032e-17 
4.1227e-21 8.77963e-06 -3.02349e-20 
-5.5032e-17 -3.02349e-20 1.69256e+08 
9.14118e-06 4.31226e-21 -5.72962e-17 
4.31226e-21 9.14118e-06 -2.98027e-20 
-5.72962e-17 -2.98027e-20 1.76225e+08 
9.37546e-06 4.47172e-21 -5.87639e-17 
4.47172e-21 9.37546e-06 -2.99206e-20 
-5.87639e-17 -2.99206e-20 1.80741e+08 
9.50865e-06 4.61783e-21 -5.95985e-17 
4.61783e-21 9.50865e-06 -3.01492e-20 
-5.95985e-17 -3.01492e-20 1.83308e+08 
9.56633e-06 4.77464e-21 -5.99601e-17 
4.77464e-21 9.56633e-06 -3.03369e-20 
-5.99601e-17 -3.03369e-20 1.8442e+08 
9.56877e-06 4.97238e-21 -5.99756e-17 
4.97238e-21 9.56877e-06 -3.04617e-20 
-5.99756e-17 -3.04617e-20 1.84467e+08 
9.52988e-06 5.24972e-21 -5.97323e-17 
5.24972e-21 9.52988e-06 -3.05523e-20 
-5.97323e-17 -3.05523e-20 1.83718e+08 
9.45795e-06 5.65891e-21 -5.92821e-17 
5.65891e-21 9.45795e-06 -3.06572e-20 
-5.92821e-17 -3.06572e-20 1.82331e+08 
9.35697e-06 6.27355e-21 -5.86501e-17 
6.27355e-21 9.35697e-06 -3.08382e-20 
-5.86501e-17 -3.08382e-20 1.80385e+08 
9.22786e-06 7.19956e-21 -5.78422e-17 
7.19956e-21 9.22786e-06 -3.11761e-20 
-5.78422e-17 -3.11761e-20 1.77896e+08 
9.06955e-06 8.59004e-21 -5.68521e-17 
8.59004e-21 9.06955e-06 -3.17831e-20 
-5.68521e-17 -3.17831e-20 1.74845e+08 
8.87984e-06 1.06654e-20 -5.56662e-17 
1.06654e-20 8.87984e-06 -3.28191e-20 
-5.56662e-17 -3.28191e-20 1.71188e+08 
8.65611e-06 1.37392e-20 -5.42684e-17 
1.37392e-20 8.65611e-06 -3.45133e-20 
-5.42684e-17 -3.45133e-20 1.66877e+08 
8.39603e-06 1.82511e-20 -5.26449e-17 
1.82511e-20 8.39603e-06 -3.71907e-20 
-5.26449e-17 -3.71907e-20 1.61865e+08 
8.09834e-06 2.4805e-20 -5.07886e-17 
2.4805e-20 8.09834e-06 -4.13034e-20 
-5.07886e-17 -4.13034e-20 1.56128e+08 
7.76369e-06 3.42097e-20 -4.87048e-17 
3.42097e-20 7.76369e-06 -4.74631e-20 
-4.87048e-17 -4.74631e-20 1.49681e+08 
7.39567e-06 4.75152e-20 -4.64174e-17 
4.75152e-20 7.39567e-06 -5.64718e-20 
-4.64174e-17 -5.64718e-20 1.42592e+08 
7.00168e-06 6.60319e-20 -4.39747e-17 
6.60319e-20 7.00168e-06 -6.93386e-20 
-4.39747e-17 -6.93386e-20 1.35004e+08 
6.59375e-06 9.13156e-20 -4.14544e-17 
9.13156e-20 6.59375e-06 -8.72705e-20 
-4.14544e-17 -8.72705e-20 1.27151e+08 
6.18886e-06 1.25098e-19 -3.89652e-17 
1.25098e-19 6.18886e-06 -1.11621e-19 
-3.89652e-17 -1.11621e-19 1.19359e+08 
5.8084e-06 1.69143e-19 -3.66439e-17 
1.69143e-19 5.8084e-06 -1.43779e-19 
-3.66439e-17 -1.43779e-19 1.12043e+08 
5.47665e-06 2.25025e-19 -3.46447e-17 
2.25025e-19 5.47665e-06 -1.85002e-19 
-3.46447e-17 -1.85002e-19 1.0567e+08 
5.21816e-06 2.93848e-19 -3.31232e-17 
2.93848e-19 5.21816e-06 -2.3619e-19 
-3.31232e-17 -2.3619e-19 1.00715e+08 
5.05436e-06 3.7595e-19 -3.22141e-17 
3.7595e-19 5.05436e-06 -2.97658e-19 
-3.22141e-17 -2.97658e-19 9.75913e+07 
5.00004e-06 4.70673e-19 -3.20092e-17 
4.70673e-19 5.00004e-06 -3.6895e-19 
-3.20092e-17 -3.6895e-19 9.6583e+07 
5.06069e-06 5.76268e-19 -3.25404e-17 
5.76268e-19 5.06069e-06 -4.48763e-19 
-3.25404e-17 -4.48763e-19 9.77955e+07 
5.23141e-06 6.89997e-19 -3.3773e-17 
6.89997e-19 5.23141e-06 -5.35018e-19 
-3.3773e-17 -5.35018e-19 1.01133e+08 
5.49774e-06 8.08414e-19 -3.56116e-17 
8.08414e-19 5.49774e-06 -6.25076e-19 
-3.56116e-17 -6.25076e-19 1.06316e+08 
5.83826e-06 9.27777e-19 -3.79164e-17 
9.27777e-19 5.83826e-06 -7.16054e-19 
-3.79164e-17 -7.16054e-19 1.12929e+08 
6.22803e-06 1.04448e-18 -4.05262e-17 
1.04448e-18 6.22803e-06 -8.05165e-19 
-4.05262e-17 -8.05165e-19 1.20491e+08 
6.64217e-06 1.15543e-18 -4.32804e-17 
1.15543e-18 6.64217e-06 -8.9e-19 
-4.32804e-17 -8.9e-19 1.28521e+08 
7.0586e-06 1.25826e-18 -4.60373e-17 
1.25826e-18 7.0586e-06 -9.68721e-19 
-4.60373e-17 -9.68721e-19 1.36591e+08 
7.45975e-06 1.35144e-18 -4.86847e-17 
1.35144e-18 7.45975e-06 -1.04012e-18 
-4.86847e-17 -1.04012e-18 1.44362e+08 
7.83318e-06 1.43423e-18 -5.11435e-17 
1.43423e-18 7.83318e-06 -1.1036e-18 
-5.11435e-17 -1.1036e-18 1.51595e+08 
8.17131e-06 1.50653e-18 -5.3366e-17 
1.50653e-18 8.17131e-06 -1.15908e-18 
-5.3366e-17 -1.15908e-18 1.58143e+08 
8.47064e-06 1.56876e-18 -5.5331e-17 
1.56876e-18 8.47064e-06 -1.20686e-18 
-5.5331e-17 -1.20686e-18 1.63939e+08 
8.73078e-06 1.62167e-18 -5.7037e-17 
1.62167e-18 8.73078e-06 -1.24748e-18 
-5.7037e-17 -1.24748e-18 1.68976e+08 
8.95346e-06 1.66617e-18 -5.84962e-17 
1.66617e-18 8.95346e-06 -1.28167e-18 
-5.84962e-17 -1.28167e-18 1.73287e+08 
9.14173e-06 1.70328e-18 -5.97292e-17 
1.70328e-18 9.14173e-06 -1.31019e-18 
-5.97292e-17 -1.31019e-18 1.76931e+08 
9.29929e-06 1.734e-18 -6.07607e-17 
1.734e-18 9.29929e-06 -1.3338e-18 
-6.07607e-17 -1.3338e-18 1.79981e+08 
9.43003e-06 1.75927e-18 -6.16161e-17 
1.75927e-18 9.43003e-06 -1.35322e-18 
-6.16161e-17 -1.35322e-18 1.82512e+08 
9.53767e-06 1.77993e-18 -6.23203e-17 
1.77993e-18 9.53767e-06 -1.3691e-18 
-6.23203e-17 -1.3691e-18 1.84596e+08 
9.62556e-06 1.79671e-18 -6.28951e-17 
1.79671e-18 9.62556e-06 -1.382e-18 
-6.28951e-17 -1.382e-18 1.86297e+08 
9.6964e-06 1.81018e-18 -6.33584e-17 
1.81018e-18 9.6964e-06 -1.39236e-18 
-6.33584e-17 -1.39236e-18 1.87668e+08 
9.75191e-06 1.8207e-18 -6.37213e-17 
1.8207e-18 9.75191e-06 -1.40045e-18 
-6.37213e-17 -1.40045e-18 1.88743e+08 
9.79226e-06 1.82834e-18 -6.39851e-17 
1.82834e-18 9.79226e-06 -1.40633e-18 
-6.39851e-17 -1.40633e-18 1.89523e+08 
9.81491e-06 1.83267e-18 -6.41332e-17 
1.83267e-18 9.81491e-06 -1.40966e-18 
-6.41332e-17 -1.40966e-18 1.89962e+08 
9.81281e-06 1.83249e-18 -6.41198e-17 
1.83249e-18 9.81281e-06 -1.40951e-18 
-6.41198e-17 -1.40951e-18 1.89921e+08 
9.77154e-06 1.8255e-18 -6.38511e-17 
1.8255e-18 9.77154e-06 -1.40414e-18 
-6.38511e-17 -1.40414e-18 1.89122e+08 
9.66558e-06 1.80842e-18 -6.31623e-17 
1.80842e-18 9.66558e-06 -1.391e-18 
-6.31623e-17 -1.391e-18 1.87072e+08 
9.45562e-06 1.77875e-18 -6.18028e-17 
1.77875e-18 9.45562e-06 -1.36818e-18 
-6.18028e-17 -1.36818e-18 1.83008e+08 
9.09079e-06 1.74111e-18 -5.94589e-17 
1.74111e-18 9.09079e-06 -1.33923e-18 
-5.94589e-17 -1.33923e-18 1.75947e+08 
8.52422e-06 1.72233e-18 -5.5871e-17 
1.72233e-18 8.52422e-06 -1.32478e-18 
-5.5871e-17 -1.32478e-18 1.64982e+08 
7.74783e-06 1.79524e-18 -5.10837e-17 
1.79524e-18 7.74783e-06 -1.38087e-18 
-5.10837e-17 -1.38087e-18 1.49956e+08 
6.83567e-06 2.09502e-18 -4.57401e-17 
2.09502e-18 6.83567e-06 -1.61145e-18 
-4.57401e-17 -1.61145e-18 1.32302e+08 
5.95528e-06 2.79126e-18 -4.11165e-17 
2.79126e-18 5.95528e-06 -2.14698e-18 
-4.11165e-17 -2.14698e-18 1.15265e+08 
5.306e-06 3.99814e-18 -3.86163e-17 
3.99814e-18 5.306e-06 -3.07529e-18 
-3.86163e-17 -3.07529e-18 1.02702e+08 
5.01308e-06 5.68078e-18 -3.89816e-17 
5.68078e-18 5.01308e-06 -4.36956e-18 
-3.89816e-17 -4.36956e-18 9.70373e+07 
5.06984e-06 7.65226e-18 -4.1925e-17 
7.65226e-18 5.06984e-06 -5.88599e-18 
-4.1925e-17 -5.88599e-18 9.81409e+07 
5.3716e-06 9.66752e-18 -4.64667e-17 
9.66752e-18 5.3716e-06 -7.43609e-18 
-4.64667e-17 -7.43609e-18 1.03986e+08 
5.79015e-06 1.15257e-17 -5.15369e-17 
1.15257e-17 5.79015e-06 -8.86535e-18 
-5.15369e-17 -8.86535e-18 1.12092e+08 
6.22526e-06 1.31135e-17 -5.63566e-17 
1.31135e-17 6.22526e-06 -1.00867e-17 
-5.63566e-17 -1.00867e-17 1.20517e+08 
6.61772e-06 1.43949e-17 -6.0506e-17 
1.43949e-17 6.61772e-06 -1.10723e-17 
-6.0506e-17 -1.10723e-17 1.28116e+08 
6.94081e-06 1.53802e-17 -6.38306e-17 
1.53802e-17 6.94081e-06 -1.18302e-17 
-6.38306e-17 -1.18302e-17 1.34371e+08 
7.18702e-06 1.60993e-17 -6.63225e-17 
1.60993e-17 7.18702e-06 -1.23833e-17 
-6.63225e-17 -1.23833e-17 1.39138e+08 
7.35772e-06 1.65844e-17 -6.80325e-17 
1.65844e-17 7.35772e-06 -1.27564e-17 
-6.80325e-17 -1.27564e-17 1.42443e+08 
7.45687e-06 1.68617e-17 -6.90199e-17 
1.68617e-17 7.45687e-06 -1.29697e-17 
-6.90199e-17 -1.29697e-17 1.44363e+08 
7.48778e-06 1.69475e-17 -6.93269e-17 
1.69475e-17 7.48778e-06 -1.30357e-17 
-6.93269e-17 -1.30357e-17 1.44961e+08 
7.45161e-06 1.6847e-17 -6.89675e-17 
1.6847e-17 7.45161e-06 -1.29585e-17 
-6.89675e-17 -1.29585e-17 1.44261e+08 
7.347e-06 1.65542e-17 -6.79254e-17 
1.65542e-17 7.347e-06 -1.27332e-17 
-6.79254e-17 -1.27332e-17 1.42235e+08 
7.17055e-06 1.60518e-17 -6.61566e-17 
1.60518e-17 7.17055e-06 -1.23467e-17 
-6.61566e-17 -1.23467e-17 1.38819e+08 
8.31849e-05 -0.000440804 9.3012e+14 
-0.000440804 0.00262963 -7.15438e+15 
9.3012e+14 -7.15438e+15 4.49574e+34 
