4  9
0.108695  0.0538096  0.0941837  0.0531549  0.14296  0.389977  0.138812  0.00971227  0.00869565  
5.5  4.68237e-10  -0.483792  1.57963e-08  
12.9804  1.10751e-10  0.00924998  1.54388e-08  
19.8529  -2.12564e-11  0.0277284  1.53073e-08  
26.6819  -1.05106e-11  0.00245794  1.53174e-08  
36.8111  2.6942e-13  -0.00106215  1.53255e-08  
60.0831  2.34425e-14  -0.000136405  1.53544e-08  
83.1059  1.70056e-17  -0.000105143  1.56105e-08  
91.2238  -1.83608e-17  0.00373123  0.00720858  
92  -0.433074  -0.120776  1.50406e+17  
8.25012  -1.20876e-11  0.801036  1.32586e-06  
-1.20876e-11  1e-05  -1.03442e-12  -3.30686e-09  
0.801036  -1.03442e-12  0.078295  7.18448e-09  
1.32586e-06  -3.30686e-09  7.18448e-09  9.22171e+09  
1.98111  -9.43932e-11  0.0386374  1.21112e-06  
-9.43932e-11  1e-05  -1.90446e-12  -3.30686e-09  
0.0386374  -1.90446e-12  0.000816608  -3.73747e-10  
1.21112e-06  -3.30686e-09  -3.73747e-10  9.22172e+09  
6.84383  -1.43918e-11  -0.0307577  1.10589e-06  
-1.43918e-11  1e-05  5.50628e-14  -3.30697e-09  
-0.0307577  5.50628e-14  0.000150675  -6.55046e-10  
1.10589e-06  -3.30697e-09  -6.55046e-10  9.22201e+09  
3.56548  1.07709e-11  -0.00654494  1.0012e-06  
1.07709e-11  1e-05  -2.07182e-14  -3.30684e-09  
-0.00654494  -2.07182e-14  2.33227e-05  -2.67752e-10  
1.0012e-06  -3.30684e-09  -2.67752e-10  9.22164e+09  
26.3469  3.57855e-12  0.00300428  8.45786e-07  
3.57855e-12  1e-05  -2.56016e-16  -3.30626e-09  
0.00300428  -2.56016e-16  1.06356e-05  -2.13738e-10  
8.45786e-07  -3.30626e-09  -2.13738e-10  9.22003e+09  
145.1  -4.10095e-13  0.00101218  4.90061e-07  
-4.10095e-13  1e-05  -6.30865e-17  -3.30674e-09  
0.00101218  -6.30865e-17  1.00768e-05  -2.27497e-10  
4.90061e-07  -3.30674e-09  -2.27497e-10  9.22137e+09  
23.9348  -9.99732e-16  1.53205e-07  1.3884e-07  
-9.99732e-16  1e-05  -4.71394e-23  -3.30777e-09  
1.53205e-07  -4.71394e-23  1e-05  -2.23739e-10  
1.3884e-07  -3.30777e-09  -2.23739e-10  9.22424e+09  
0.173741  1.60031e-18  0.00297772  0.00559507  
1.60031e-18  1e-05  2.74291e-20  -3.30689e-09  
0.00297772  2.74291e-20  6.10378e-05  9.58982e-05  
0.00559507  -3.30689e-09  9.58982e-05  9.22181e+09  
1e-05  -1.40091e-35  6.23304e-36  4.86533e-18  
-1.40091e-35  0.399079  -0.0458051  3.26884e+16  
6.23304e-36  -0.0458051  0.0113141  1.59081e+16  
4.86533e-18  3.26884e+16  1.59081e+16  6.7866e+34  
