4  8
0.119561  0.043168  0.111038  0.0724184  0.342609  0.292752  0.0097575  0.00869565  
5.99983  -4.45271e-10  -0.470629  -1.57733e-08  
13.4932  -8.37746e-11  -0.935392  -1.54118e-08  
20.6274  2.06461e-11  -0.938335  -1.53068e-08  
29.9308  3.71222e-12  -0.913235  -1.53218e-08  
48.444  -1.44595e-13  -0.913604  -1.53242e-08  
76.7023  1.42196e-16  -0.913835  -1.55111e-08  
91.2228  1.83704e-17  -0.917654  -0.00717516  
92  0.433074  -0.793164  -1.50406e+17  
9.99952  1.25819e-10  -0.93064  -1.31809e-06  
1.25819e-10  1e-05  -1.02402e-11  -3.30687e-09  
-0.93064  -1.02402e-11  0.0875726  6.55481e-09  
-1.31809e-06  -3.30687e-09  6.55481e-09  9.22173e+09  
1.24446  5.2659e-11  -0.0185504  -1.20331e-06  
5.2659e-11  1e-05  -8.05022e-13  -3.30687e-09  
-0.0185504  -8.05022e-13  0.000301618  -5.5967e-10  
-1.20331e-06  -3.30687e-09  -5.5967e-10  9.22174e+09  
9.08029  7.91209e-12  0.0401786  -1.09395e-06  
7.91209e-12  1e-05  2.99007e-14  -3.30675e-09  
0.0401786  2.99007e-14  0.000190081  -6.03918e-10  
-1.09395e-06  -3.30675e-09  -6.03918e-10  9.22139e+09  
7.83336  -1.229e-11  0.0040867  -9.51256e-07  
-1.229e-11  1e-05  -8.51171e-15  -3.30633e-09  
0.0040867  -8.51171e-15  1.36508e-05  -2.19214e-10  
-9.51256e-07  -3.30633e-09  -2.19214e-10  9.22022e+09  
107.488  5.81969e-13  -0.00327366  -6.67453e-07  
5.81969e-13  1e-05  -5.07389e-16  -3.30582e-09  
-0.00327366  -5.07389e-16  1.03655e-05  -2.24807e-10  
-6.67453e-07  -3.30582e-09  -2.24807e-10  9.2188e+09  
76.4888  -1.00381e-14  -3.89336e-07  -2.37284e-07  
-1.00381e-14  1e-05  -3.45481e-20  -3.30828e-09  
-3.89336e-07  -3.45481e-20  1e-05  -2.25512e-10  
-2.37284e-07  -3.30828e-09  -2.25512e-10  9.22565e+09  
0.173167  -1.59502e-18  -0.00296789  -0.00557658  
-1.59502e-18  1e-05  2.73386e-20  -3.30687e-09  
-0.00296789  2.73386e-20  6.08694e-05  9.55816e-05  
-0.00557658  -3.30687e-09  9.55816e-05  9.22172e+09  
1e-05  2.09464e-35  -6.38836e-36  -7.27465e-18  
2.09464e-35  0.399079  -0.0458052  3.26884e+16  
-6.38836e-36  -0.0458052  0.0113141  1.59081e+16  
-7.27465e-18  3.26884e+16  1.59081e+16  6.7866e+34  
