3,3,92
9.99965e-06 1.3921e-13 -3.30675e-09 
1.3921e-13 0.000519354 -1.21544e-07 
-3.30675e-09 -1.21544e-07 9.22139e+09 
9.99968e-06 1.39211e-13 -3.30676e-09 
1.39211e-13 0.000519356 -1.21545e-07 
-3.30676e-09 -1.21545e-07 9.22141e+09 
9.99967e-06 1.39211e-13 -3.30675e-09 
1.39211e-13 0.000519355 -1.21545e-07 
-3.30675e-09 -1.21545e-07 9.22141e+09 
9.99962e-06 1.3921e-13 -3.30673e-09 
1.3921e-13 0.000519352 -1.21544e-07 
-3.30673e-09 -1.21544e-07 9.22136e+09 
9.9995e-06 1.39208e-13 -3.3067e-09 
1.39208e-13 0.000519346 -1.21542e-07 
-3.3067e-09 -1.21542e-07 9.22125e+09 
9.99916e-06 1.39204e-13 -3.30658e-09 
1.39204e-13 0.000519329 -1.21538e-07 
-3.30658e-09 -1.21538e-07 9.22094e+09 
9.9959e-06 1.39158e-13 -3.30551e-09 
1.39158e-13 0.00051916 -1.21499e-07 
-3.30551e-09 -1.21499e-07 9.21793e+09 
9.94081e-06 1.3839e-13 -3.28729e-09 
1.3839e-13 0.000516295 -1.20828e-07 
-3.28729e-09 -1.20828e-07 9.16713e+09 
9.26821e-06 1.28743e-13 -3.06487e-09 
1.28743e-13 0.000480725 -1.12517e-07 
-3.06487e-09 -1.12517e-07 8.54687e+09 
6.04743e-06 6.9689e-14 -1.9998e-09 
6.9689e-14 0.000281449 -6.65279e-08 
-1.9998e-09 -6.65279e-08 5.57676e+09 
5.73965e-06 -1.85931e-14 -1.89802e-09 
-1.85931e-14 7.64017e-05 -2.23664e-08 
-1.89802e-09 -2.23664e-08 5.29294e+09 
8.17827e-06 -5.038e-14 -2.70444e-09 
-5.038e-14 5.50821e-05 -2.03698e-08 
-2.70444e-09 -2.03698e-08 7.54177e+09 
8.85692e-06 -5.60224e-14 -2.92886e-09 
-5.60224e-14 5.62484e-05 -2.13206e-08 
-2.92886e-09 -2.13206e-08 8.1676e+09 
8.09549e-06 -5.0946e-14 -2.67707e-09 
-5.0946e-14 5.07433e-05 -1.92169e-08 
-2.67707e-09 -1.92169e-08 7.46543e+09 
5.5383e-06 -2.97323e-14 -1.83145e-09 
-2.97323e-14 2.98527e-05 -1.04407e-08 
-1.83145e-09 -1.04407e-08 5.10729e+09 
6.28474e-06 -9.09284e-15 -2.07834e-09 
-9.09284e-15 1.06893e-05 1.1089e-09 
-2.07834e-09 1.1089e-09 5.79578e+09 
9.31306e-06 -9.00964e-15 -3.0798e-09 
-9.00963e-15 1.16389e-05 3.99057e-09 
-3.0798e-09 3.99057e-09 8.58851e+09 
9.87566e-06 -9.49771e-15 -3.26585e-09 
-9.4977e-15 1.22889e-05 4.26124e-09 
-3.26585e-09 4.26124e-09 9.10735e+09 
9.89783e-06 -9.5187e-15 -3.27318e-09 
-9.51869e-15 1.23162e-05 4.27094e-09 
-3.27318e-09 4.27094e-09 9.12779e+09 
9.82887e-06 -9.45224e-15 -3.25038e-09 
-9.45223e-15 1.22304e-05 4.24112e-09 
-3.25038e-09 4.24112e-09 9.0642e+09 
9.57869e-06 -9.21046e-15 -3.16764e-09 
-9.21045e-15 1.19189e-05 4.1327e-09 
-3.16764e-09 4.1327e-09 8.83348e+09 
8.6626e-06 -8.30888e-15 -2.86469e-09 
-8.30888e-15 1.0776e-05 3.73048e-09 
-2.86469e-09 3.73048e-09 7.98866e+09 
6.27465e-06 -5.72549e-15 -2.075e-09 
-5.72549e-15 7.76614e-06 2.6076e-09 
-2.075e-09 2.6076e-09 5.78648e+09 
4.33628e-06 -2.27118e-15 -1.43396e-09 
-2.27118e-15 5.14388e-06 1.2639e-09 
-1.43396e-09 1.2639e-09 3.99884e+09 
5.51876e-06 -8.52384e-16 -1.82497e-09 
-8.52383e-16 6.27836e-06 9.60612e-10 
-1.82497e-09 9.60612e-10 5.08921e+09 
6.81961e-06 -6.8597e-16 -2.25513e-09 
-6.8597e-16 7.70826e-06 1.06722e-09 
-2.25513e-09 1.06722e-09 6.28879e+09 
6.91176e-06 -6.54553e-16 -2.2856e-09 
-6.54553e-16 7.79851e-06 1.05314e-09 
-2.2856e-09 1.05314e-09 6.37375e+09 
6.00711e-06 -5.55495e-16 -1.98643e-09 
-5.55495e-16 6.74502e-06 8.54577e-10 
-1.98643e-09 8.54577e-10 5.53947e+09 
4.69348e-06 -4.02152e-16 -1.55198e-09 
-4.02152e-16 5.16062e-06 4.65934e-10 
-1.55198e-09 4.65934e-10 4.32793e+09 
4.74661e-06 -3.4005e-16 -1.56941e-09 
-3.4005e-16 4.98596e-06 4.12342e-11 
-1.56941e-09 4.12342e-11 4.37656e+09 
6.50984e-06 -4.30366e-16 -2.15233e-09 
-4.30366e-16 6.71117e-06 -1.77873e-10 
-2.15233e-09 -1.77873e-10 6.00212e+09 
7.69081e-06 -5.04426e-16 -2.54279e-09 
-5.04426e-16 7.91443e-06 -2.36445e-10 
-2.54279e-09 -2.36445e-10 7.09096e+09 
7.98799e-06 -5.23359e-16 -2.64104e-09 
-5.23359e-16 8.21943e-06 -2.46804e-10 
-2.64104e-09 -2.46804e-10 7.36497e+09 
7.96051e-06 -5.20703e-16 -2.63195e-09 
-5.20703e-16 8.19081e-06 -2.45879e-10 
-2.63195e-09 -2.45879e-10 7.33962e+09 
7.82697e-06 -5.10487e-16 -2.58781e-09 
-5.10487e-16 8.05286e-06 -2.4156e-10 
-2.58781e-09 -2.4156e-10 7.21651e+09 
7.62707e-06 -4.95064e-16 -2.52172e-09 
-4.95064e-16 7.84632e-06 -2.35078e-10 
-2.52172e-09 -2.35078e-10 7.03221e+09 
7.36059e-06 -4.74016e-16 -2.43361e-09 
-4.74016e-16 7.57079e-06 -2.26372e-10 
-2.43361e-09 -2.26372e-10 6.78651e+09 
7.023e-06 -4.46384e-16 -2.322e-09 
-4.46384e-16 7.22138e-06 -2.15216e-10 
-2.322e-09 -2.15216e-10 6.47527e+09 
6.61533e-06 -4.11183e-16 -2.18722e-09 
-4.11183e-16 6.79876e-06 -2.01504e-10 
-2.18722e-09 -2.01504e-10 6.09941e+09 
6.15273e-06 -3.67789e-16 -2.03428e-09 
-3.67789e-16 6.31792e-06 -1.85491e-10 
-2.03428e-09 -1.85491e-10 5.67293e+09 
5.6758e-06 -3.16548e-16 -1.87662e-09 
-3.16548e-16 5.81979e-06 -1.68129e-10 
-1.87662e-09 -1.68129e-10 5.23324e+09 
5.26121e-06 -2.59543e-16 -1.73956e-09 
-2.59543e-16 5.38215e-06 -1.514e-10 
-1.73956e-09 -1.514e-10 4.85105e+09 
5.0205e-06 -2.0115e-16 -1.66001e-09 
-2.0115e-16 5.11872e-06 -1.38367e-10 
-1.66001e-09 -1.38367e-10 4.62921e+09 
5.07127e-06 -1.47609e-16 -1.67684e-09 
-1.47609e-16 5.14993e-06 -1.32471e-10 
-1.67684e-09 -1.32471e-10 4.67614e+09 
5.47779e-06 -1.05046e-16 -1.8113e-09 
-1.05046e-16 5.54265e-06 -1.35949e-10 
-1.8113e-09 -1.35949e-10 5.05111e+09 
6.19552e-06 -7.67347e-17 -2.04867e-09 
-7.67347e-17 6.25333e-06 -1.48239e-10 
-2.04867e-09 -1.48239e-10 5.71303e+09 
7.07528e-06 -6.1717e-17 -2.33959e-09 
-6.1717e-17 7.13171e-06 -1.65887e-10 
-2.33959e-09 -1.65887e-10 6.52433e+09 
7.93706e-06 -5.60373e-17 -2.62457e-09 
-5.60373e-17 7.99549e-06 -1.8436e-10 
-2.62457e-09 -1.8436e-10 7.31904e+09 
8.6526e-06 -5.52978e-17 -2.86118e-09 
-5.52978e-17 8.71416e-06 -2.0022e-10 
-2.86118e-09 -2.0022e-10 7.97887e+09 
9.17596e-06 -5.63823e-17 -3.03425e-09 
-5.63823e-17 9.24041e-06 -2.12034e-10 
-3.03425e-09 -2.12034e-10 8.46149e+09 
9.52318e-06 -5.77147e-17 -3.14907e-09 
-5.77147e-17 9.58977e-06 -2.19952e-10 
-3.14907e-09 -2.19952e-10 8.78167e+09 
9.73675e-06 -5.87478e-17 -3.21969e-09 
-5.87478e-17 9.80474e-06 -2.24851e-10 
-3.21969e-09 -2.24851e-10 8.97862e+09 
9.86049e-06 -5.94153e-17 -3.26061e-09 
-5.94153e-17 9.92931e-06 -2.27698e-10 
-3.26061e-09 -2.27698e-10 9.09272e+09 
9.92875e-06 -5.98043e-17 -3.28318e-09 
-5.98043e-17 9.99804e-06 -2.29271e-10 
-3.28318e-09 -2.29271e-10 9.15566e+09 
9.96484e-06 -6.00158e-17 -3.29511e-09 
-6.00158e-17 1.00344e-05 -2.30104e-10 
-3.29511e-09 -2.30104e-10 9.18894e+09 
9.9832e-06 -6.0125e-17 -3.30118e-09 
-6.0125e-17 1.00529e-05 -2.30528e-10 
-3.30118e-09 -2.30528e-10 9.20588e+09 
9.99222e-06 -6.0179e-17 -3.30417e-09 
-6.0179e-17 1.0062e-05 -2.30736e-10 
-3.30417e-09 -2.30736e-10 9.21419e+09 
9.99648e-06 -6.02046e-17 -3.30558e-09 
-6.02046e-17 1.00662e-05 -2.30834e-10 
-3.30558e-09 -2.30834e-10 9.21813e+09 
9.99839e-06 -6.02161e-17 -3.30621e-09 
-6.02161e-17 1.00682e-05 -2.30879e-10 
-3.30621e-09 -2.30879e-10 9.21989e+09 
9.99911e-06 -6.02204e-17 -3.30644e-09 
-6.02204e-17 1.00689e-05 -2.30895e-10 
-3.30644e-09 -2.30895e-10 9.22055e+09 
9.99909e-06 -6.02203e-17 -3.30644e-09 
-6.02203e-17 1.00689e-05 -2.30895e-10 
-3.30644e-09 -2.30895e-10 9.22053e+09 
9.99828e-06 -6.02154e-17 -3.30617e-09 
-6.02154e-17 1.00681e-05 -2.30876e-10 
-3.30617e-09 -2.30876e-10 9.21979e+09 
9.99608e-06 -6.02021e-17 -3.30544e-09 
-6.02021e-17 1.00658e-05 -2.30825e-10 
-3.30544e-09 -2.30825e-10 9.21775e+09 
9.99098e-06 -6.01714e-17 -3.30376e-09 
-6.01714e-17 1.00607e-05 -2.30707e-10 
-3.30376e-09 -2.30707e-10 9.21305e+09 
9.97982e-06 -6.01041e-17 -3.30006e-09 
-6.01041e-17 1.00495e-05 -2.3045e-10 
-3.30006e-09 -2.3045e-10 9.20276e+09 
9.9564e-06 -5.99628e-17 -3.29232e-09 
-5.99628e-17 1.00259e-05 -2.29909e-10 
-3.29232e-09 -2.29909e-10 9.18116e+09 
9.90923e-06 -5.96778e-17 -3.27672e-09 
-5.96778e-17 9.97838e-06 -2.28819e-10 
-3.27672e-09 -2.28819e-10 9.13766e+09 
9.81832e-06 -5.91265e-17 -3.24666e-09 
-5.91265e-17 9.88683e-06 -2.2672e-10 
-3.24666e-09 -2.2672e-10 9.05384e+09 
9.65168e-06 -5.8109e-17 -3.19156e-09 
-5.8109e-17 9.71901e-06 -2.2287e-10 
-3.19156e-09 -2.2287e-10 8.90017e+09 
9.36389e-06 -5.63296e-17 -3.09639e-09 
-5.63296e-17 9.42916e-06 -2.16219e-10 
-3.09639e-09 -2.16219e-10 8.63479e+09 
8.90264e-06 -5.34124e-17 -2.94387e-09 
-5.34124e-17 8.96453e-06 -2.05552e-10 
-2.94387e-09 -2.05552e-10 8.20946e+09 
8.23143e-06 -4.89955e-17 -2.72193e-09 
-4.89955e-17 8.2882e-06 -1.90008e-10 
-2.72193e-09 -1.90008e-10 7.59053e+09 
7.3707e-06 -4.29304e-17 -2.43732e-09 
-4.29304e-17 7.42044e-06 -1.70027e-10 
-2.43732e-09 -1.70027e-10 6.79686e+09 
6.43579e-06 -3.55166e-17 -2.1282e-09 
-3.55166e-17 6.47694e-06 -1.48226e-10 
-2.1282e-09 -1.48226e-10 5.93483e+09 
5.6231e-06 -2.75631e-17 -1.85952e-09 
-2.75631e-17 5.65504e-06 -1.29095e-10 
-1.85952e-09 -1.29095e-10 5.18557e+09 
5.12105e-06 -2.01064e-17 -1.69358e-09 
-2.01064e-17 5.14435e-06 -1.16974e-10 
-1.69358e-09 -1.16974e-10 4.72282e+09 
5.0071e-06 -1.39431e-17 -1.65599e-09 
-1.39431e-17 5.02326e-06 -1.1369e-10 
-1.65599e-09 -1.1369e-10 4.618e+09 
5.22383e-06 -9.35919e-18 -1.72776e-09 
-9.35919e-18 5.23467e-06 -1.17993e-10 
-1.72776e-09 -1.17993e-10 4.81814e+09 
5.64056e-06 -6.20715e-18 -1.86566e-09 
-6.20715e-18 5.64775e-06 -1.26941e-10 
-1.86566e-09 -1.26941e-10 5.20269e+09 
6.12899e-06 -4.14706e-18 -2.02726e-09 
-4.14706e-18 6.1338e-06 -1.37624e-10 
-2.02726e-09 -1.37624e-10 5.65333e+09 
6.60147e-06 -2.83671e-18 -2.18356e-09 
-2.83671e-18 6.60476e-06 -1.48039e-10 
-2.18356e-09 -1.48039e-10 6.08921e+09 
7.01285e-06 -2.0116e-18 -2.31965e-09 
-2.0116e-18 7.01518e-06 -1.57145e-10 
-2.31965e-09 -1.57145e-10 6.46872e+09 
7.34727e-06 -1.49241e-18 -2.43028e-09 
-1.49241e-18 7.34901e-06 -1.64566e-10 
-2.43028e-09 -1.64566e-10 6.77723e+09 
7.60449e-06 -1.16589e-18 -2.51537e-09 
-1.16589e-18 7.60584e-06 -1.70282e-10 
-2.51537e-09 -1.70282e-10 7.0145e+09 
7.79049e-06 -9.63324e-19 -2.5769e-09 
-9.63324e-19 7.79161e-06 -1.74419e-10 
-2.5769e-09 -1.74419e-10 7.18609e+09 
7.91239e-06 -8.44294e-19 -2.61722e-09 
-8.44294e-19 7.91337e-06 -1.77132e-10 
-2.61722e-09 -1.77132e-10 7.29853e+09 
7.97589e-06 -7.86315e-19 -2.63822e-09 
-7.86315e-19 7.9768e-06 -1.78546e-10 
-2.63822e-09 -1.78546e-10 7.35711e+09 
7.98426e-06 -7.78872e-19 -2.64099e-09 
-7.78872e-19 7.98516e-06 -1.78733e-10 
-2.64099e-09 -1.78733e-10 7.36483e+09 
7.93793e-06 -8.20637e-19 -2.62567e-09 
-8.20637e-19 7.93888e-06 -1.77701e-10 
-2.62567e-09 -1.77701e-10 7.32209e+09 
7.44767e-06 -8.72985e-19 -2.4635e-09 
-8.72985e-19 7.44869e-06 -1.63344e-10 
-2.4635e-09 -1.63348e-10 6.86986e+09 
5.52877e-06 -1.02728e-19 -1.82837e-09 
-1.02728e-19 5.5303e-06 2.40105e-09 
-1.82837e-09 2.39755e-09 5.09869e+09 
0.396043 -0.0454567 3.24398e+16 
-0.0454567 0.011228 1.57871e+16 
3.24398e+16 1.57871e+16 6.73498e+34 
