4  14
0.0989173  0.0438824  0.0313624  0.0720138  0.0426511  0.0478993  0.10396  0.115152  0.0909119  0.0789814  0.115208  0.10238  0.0381197  0.018562  
5.00082  -4.88166e-10  -0.385849  -4.88166e-10  
11.4986  -1.88995e-10  -0.886571  -1.88995e-10  
14.948  -2.95643e-11  -0.952085  -2.95643e-11  
19.6926  2.46008e-11  -0.942855  2.46008e-11  
24.8218  1.65212e-11  -0.92051  1.65212e-11  
29.2233  4.02906e-12  -0.913016  4.02906e-12  
36.0995  -7.52674e-13  -0.912715  -7.52674e-13  
45.9159  -2.12223e-13  -0.91381  -2.12223e-13  
55.1774  3.67204e-14  -0.913862  3.67204e-14  
62.9901  3.94125e-15  -0.913833  3.94125e-15  
71.7328  -1.45543e-15  -0.913834  -1.45377e-15  
81.4435  -1.81656e-15  -0.913836  2.90541e-17  
87.6165  -1.02097e-14  -0.913836  7.10301e-17  
90.592  -2.31485e-08  -0.905012  2.51839e-17  
6.66969  -8.62028e-11  -0.668422  -8.62028e-11  
-8.62028e-11  1e-05  7.69256e-12  2.13752e-20  
-0.668422  7.69256e-12  0.0673246  7.69256e-12  
-8.62028e-11  2.13752e-20  7.69256e-12  1e-05  
1.24839  7.87687e-11  -0.0426514  7.87687e-11  
7.87687e-11  1e-05  -2.7205e-12  4.99593e-21  
-0.0426514  -2.7205e-12  0.00150056  -2.7205e-12  
7.87687e-11  4.99593e-21  -2.7205e-12  1e-05  
0.66638  1.85112e-11  -0.00335693  1.85112e-11  
1.85112e-11  1e-05  -9.65133e-14  5.19905e-22  
-0.00335693  -9.65133e-14  2.87867e-05  -9.65133e-14  
1.85112e-11  5.19905e-22  -9.65133e-14  1e-05  
4.11682  7.43725e-12  0.0198667  7.43725e-12  
7.43725e-12  1e-05  3.22231e-14  4.79074e-23  
0.0198667  3.22231e-14  0.000106736  3.22231e-14  
7.43725e-12  4.79074e-23  3.22231e-14  1e-05  
2.0701  -7.57606e-12  0.00624566  -7.57606e-12  
-7.57606e-12  1e-05  -2.29983e-14  2.77989e-23  
0.00624566  -2.29983e-14  2.95366e-05  -2.29983e-14  
-7.57606e-12  2.77989e-23  -2.29983e-14  1e-05  
3.15478  -5.92257e-12  0.00212077  -5.92257e-12  
-5.92257e-12  1e-05  -4.56229e-15  1.18849e-23  
0.00212077  -4.56229e-15  1.18766e-05  -4.56229e-15  
-5.92257e-12  1.18849e-23  -4.56229e-15  1e-05  
12.5502  -1.71109e-12  -0.0019421  -1.71109e-12  
-1.71109e-12  1e-05  -6.0405e-17  1.39995e-24  
-0.0019421  -6.0405e-17  1.04307e-05  -6.0405e-17  
-1.71109e-12  1.39995e-24  -6.0405e-17  1e-05  
17.5673  1.245e-12  -0.000654288  1.245e-12  
1.245e-12  1e-05  -6.87657e-17  1.18582e-25  
-0.000654288  -6.87657e-17  1.00544e-05  -6.87657e-17  
1.245e-12  1.18582e-25  -6.87657e-17  1e-05  
14.235  -4.33078e-14  9.49236e-05  -4.33078e-14  
-4.33078e-14  1e-05  -4.10911e-19  9.33379e-28  
9.49236e-05  -4.10911e-19  1.00008e-05  -4.10911e-19  
-4.33078e-14  9.33379e-28  -4.10911e-19  1e-05  
12.5393  -3.04915e-14  9.08129e-06  -3.04915e-14  
-3.04915e-14  1e-05  -4.65671e-20  1.08765e-28  
9.08129e-06  -4.65671e-20  1e-05  -4.65671e-20  
-3.04915e-14  1.08765e-28  -4.65671e-20  1e-05  
17.868  2.49203e-15  -4.76173e-06  2.52393e-15  
2.49203e-15  1e-05  -2.57419e-20  2.47772e-30  
-4.76173e-06  -2.57419e-20  1e-05  -1.06789e-21  
2.52393e-15  2.47772e-30  -1.06789e-21  1e-05  
12.6679  -1.70742e-14  5.02759e-08  5.63346e-16  
-1.70742e-14  1e-05  -2.75067e-17  7.55812e-32  
5.02759e-08  -2.75067e-17  1e-05  -1.48823e-23  
5.63346e-16  7.55812e-32  -1.48823e-23  1e-05  
2.04349  -3.48218e-14  4.17464e-08  -3.64134e-17  
-3.48218e-14  1e-05  -1.53221e-16  5.20933e-31  
4.17464e-08  -1.53221e-16  1.00001e-05  -7.21034e-25  
-3.64134e-17  5.20933e-31  -7.21034e-25  1e-05  
0.241543  -9.4442e-09  0.00359974  -2.81874e-18  
-9.4442e-09  1e-05  -1.40754e-10  1.10216e-25  
0.00359974  -1.40754e-10  6.36496e-05  -4.20097e-20  
-2.81874e-18  1.10216e-25  -4.20097e-20  1e-05  
