4  13
0.0581896  0.0935233  0.0732496  0.0978161  0.0657448  0.0688732  0.0776213  0.0670651  0.101688  0.0600331  0.0584745  0.0790828  0.098639  
4.92245  -3.76182  1.44078  -0.718783  
16.3093  -8.78259  3.17916  -1.18199  
28.6651  -8.63118  3.52081  -1.75263  
41.5783  -8.75154  2.83694  -1.49718  
53.8515  -9.01758  3.32341  -1.48714  
63.9368  -8.83892  3.44202  -2.0392  
75.0142  -8.6024  2.89212  -1.20923  
85.6602  -8.7516  3.06925  -1.76376  
98.4473  -8.70195  2.88228  -1.45712  
110.638  -9.12547  3.25512  -1.33378  
119.5  -8.71623  3.30746  -2.04146  
129.95  -8.48725  2.95727  -1.12472  
142.871  -8.73815  3.43863  -1.88859  
6.74967  -6.99139  2.61334  -1.29998  
-6.99139  7.51475  -2.76036  1.30324  
2.61334  -2.76036  1.0257  -0.495728  
-1.29998  1.30324  -0.495728  0.285661  
18.1389  -0.38173  0.763266  1.01413  
-0.38173  0.241112  -0.0963292  0.00401668  
0.763266  -0.0963292  0.118156  -0.00684712  
1.01413  0.00401668  -0.00684712  0.134475  
12.0695  1.57488  -0.138726  -0.932486  
1.57488  0.289656  -0.0348818  -0.181762  
-0.138726  -0.0348818  0.107768  0.041941  
-0.932486  -0.181762  0.041941  0.144812  
18.8241  1.64972  -1.05651  1.66451  
1.64972  0.292626  -0.132212  0.151381  
-1.05651  -0.132212  0.182174  -0.0914775  
1.66451  0.151381  -0.0914775  0.283594  
9.06828  0.768851  0.463458  -0.985261  
0.768851  0.188511  0.0614196  -0.138882  
0.463458  0.0614196  0.266288  0.0537719  
-0.985261  -0.138882  0.0537719  0.463139  
9.71974  -1.55143  -0.146773  0.636877  
-1.55143  0.337319  0.0197644  -0.0810303  
-0.146773  0.0197644  0.0704608  0.0064332  
0.636877  -0.0810303  0.0064332  0.131783  
13.1111  -0.847105  0.793586  0.934443  
-0.847105  0.236331  -0.117931  -0.0186744  
0.793586  -0.117931  0.133922  -0.0168893  
0.934443  -0.0186744  -0.0168893  0.181891  
9.82514  1.33936  -0.257249  -1.07687  
1.33936  0.230318  -0.0362165  -0.189592  
-0.257249  -0.0362165  0.0339  0.0114666  
-1.07687  -0.189592  0.0114666  0.230894  
19.7802  1.76393  -0.735436  2.11143  
1.76393  0.3167  -0.0723148  0.182023  
-0.735436  -0.0723148  0.157612  -0.128386  
2.11143  0.182023  -0.128386  0.301763  
7.94551  0.853608  -0.0309166  -0.87721  
0.853608  0.196243  -0.00222858  -0.0774846  
-0.0309166  -0.00222858  0.172407  -0.0259768  
-0.87721  -0.0774846  -0.0259768  0.307668  
8.53903  -1.24251  0.593924  0.33497  
-1.24251  0.302789  -0.0521812  -0.0451212  
0.593924  -0.0521812  0.10104  -0.00394342  
0.33497  -0.0451212  -0.00394342  0.0719493  
16.7679  0.286248  1.37319  1.87801  
0.286248  0.305691  -0.115409  -0.0261703  
1.37319  -0.115409  0.2609  0.122724  
1.87801  -0.0261703  0.122724  0.347653  
21.1644  1.01847  -0.315872  -1.53314  
1.01847  0.270758  -0.077313  -0.201304  
-0.315872  -0.077313  0.0524972  0.0907766  
-1.53314  -0.201304  0.0907766  0.355011  
