3,3,150
4.35354 -1.29922 0.051801 
-1.29922 0.489822 -0.0229675 
0.0518009 -0.0229675 0.0948611 
4.35115 -1.2985 0.0517725 
-1.2985 0.489552 -0.0229549 
0.0517724 -0.0229549 0.0948089 
4.34541 -1.29679 0.0517043 
-1.29679 0.488907 -0.0229246 
0.0517042 -0.0229246 0.094684 
4.33125 -1.29257 0.0515365 
-1.29257 0.487315 -0.0228499 
0.0515364 -0.0228499 0.0943762 
4.29541 -1.28187 0.0511137 
-1.28187 0.483285 -0.0226605 
0.0511136 -0.0226605 0.093599 
4.20304 -1.25431 0.0500396 
-1.25431 0.472914 -0.0221714 
0.0500395 -0.0221714 0.0916123 
3.96731 -1.18399 0.0474038 
-1.18399 0.446538 -0.0209157 
0.0474037 -0.0209157 0.0866518 
3.41261 -1.01866 0.041905 
-1.01866 0.385083 -0.0179105 
0.0419049 -0.0179105 0.0757116 
2.40412 -0.718814 0.0357712 
-0.718814 0.276699 -0.0121701 
0.0357711 -0.0121701 0.0598426 
1.41619 -0.42764 0.0432758 
-0.42764 0.182234 -0.00557919 
0.0432758 -0.00557919 0.0583626 
1.19699 -0.367922 0.0707229 
-0.367922 0.183613 -0.0022708 
0.0707229 -0.0022708 0.0848693 
1.39539 -0.431353 0.0953648 
-0.431353 0.225241 -0.00172211 
0.0953648 -0.00172211 0.112384 
1.54134 -0.476803 0.107084 
-0.476803 0.250312 -0.00177733 
0.107084 -0.00177733 0.125955 
1.59861 -0.49455 0.111236 
-0.49455 0.259762 -0.00183098 
0.111236 -0.00183098 0.130814 
1.61649 -0.500085 0.112496 
-0.500085 0.262681 -0.00185036 
0.112496 -0.00185036 0.132294 
1.61834 -0.50066 0.112625 
-0.50066 0.262985 -0.00185182 
0.112625 -0.00185182 0.132447 
1.59911 -0.494759 0.111256 
-0.494759 0.259923 -0.00180795 
0.111256 -0.00180795 0.130872 
1.50315 -0.466368 0.103787 
-0.466368 0.245984 -0.00113103 
0.103787 -0.00113103 0.123007 
1.21125 -0.395573 0.0715775 
-0.395573 0.223468 0.00773946 
0.0715775 0.00773946 0.0989526 
0.885123 -0.419772 -0.027405 
-0.419772 0.330253 0.0628535 
-0.027405 0.0628535 0.0711988 
1.02746 -0.72917 -0.17942 
-0.72917 0.692355 0.178856 
-0.17942 0.178856 0.0806057 
1.32644 -1.02379 -0.282393 
-1.02379 0.999222 0.267194 
-0.282393 0.267194 0.103429 
1.39797 -1.08788 -0.304954 
-1.08788 1.06481 0.286338 
-0.304954 0.286338 0.109206 
1.20387 -0.919458 -0.259859 
-0.919458 0.896242 0.242454 
-0.259859 0.242454 0.0953124 
0.846167 -0.573264 -0.1676 
-0.573264 0.542237 0.151534 
-0.1676 0.151534 0.0718276 
0.677963 -0.288067 -0.098672 
-0.288067 0.228645 0.0769823 
-0.098672 0.0769823 0.0688471 
0.82701 -0.236579 -0.0964696 
-0.236579 0.140915 0.0641089 
-0.0964696 0.0641089 0.0915554 
0.966621 -0.260682 -0.109459 
-0.260682 0.145673 0.0708219 
-0.109459 0.0708219 0.108055 
1.01234 -0.272026 -0.114431 
-0.272026 0.151378 0.0739157 
-0.114431 0.0739157 0.113231 
1.01764 -0.273408 -0.11502 
-0.273408 0.152123 0.0742916 
-0.11502 0.0742916 0.113826 
1.00546 -0.270124 -0.113632 
-0.270124 0.150304 0.0733983 
-0.113632 0.0733983 0.112456 
0.970206 -0.260593 -0.109574 
-0.260593 0.145063 0.0708011 
-0.109574 0.0708011 0.108467 
0.887702 -0.238039 -0.0997807 
-0.238039 0.132909 0.0646259 
-0.0997807 0.0646259 0.0989438 
0.733015 -0.194353 -0.0797284 
-0.194353 0.110765 0.0524992 
-0.0797284 0.0524992 0.080025 
0.565499 -0.140925 -0.0506213 
-0.140925 0.0896019 0.0369669 
-0.0506213 0.0369669 0.0548848 
0.572301 -0.123336 -0.0279371 
-0.123336 0.09956 0.029849 
-0.0279371 0.029849 0.0408845 
0.76681 -0.152228 -0.0216982 
-0.152228 0.139396 0.0348855 
-0.0216982 0.0348855 0.0448772 
0.952959 -0.186063 -0.0231979 
-0.186063 0.174672 0.0421309 
-0.0231979 0.0421309 0.0534001 
1.05433 -0.20535 -0.0250546 
-0.20535 0.193485 0.0464142 
-0.0250546 0.0464142 0.0586959 
1.09766 -0.213715 -0.0259953 
-0.213715 0.201471 0.0482927 
-0.0259953 0.0482927 0.0610521 
1.113 -0.216692 -0.0263467 
-0.216692 0.204292 0.0489639 
-0.0263467 0.0489639 0.061898 
1.11319 -0.216734 -0.0263554 
-0.216734 0.204333 0.0489734 
-0.0263554 0.0489734 0.0619113 
1.09577 -0.213406 -0.0260024 
-0.213406 0.201189 0.048225 
-0.0260024 0.048225 0.0609812 
1.03957 -0.203049 -0.0252231 
-0.203049 0.191373 0.0459185 
-0.0252231 0.0459185 0.0582142 
0.902627 -0.180941 -0.0262686 
-0.180941 0.170121 0.0411859 
-0.0262686 0.0411859 0.0533886 
0.688839 -0.164713 -0.0451156 
-0.164713 0.15254 0.0389841 
-0.0451156 0.0389841 0.0570582 
0.599747 -0.226878 -0.11785 
-0.226878 0.203994 0.0576119 
-0.11785 0.0576119 0.100809 
0.774946 -0.378729 -0.232783 
-0.378729 0.336514 0.0986818 
-0.232783 0.0986818 0.182637 
0.990156 -0.507735 -0.319703 
-0.507735 0.450124 0.132754 
-0.319703 0.132754 0.247815 
1.0963 -0.565281 -0.356494 
-0.565281 0.500599 0.14763 
-0.356494 0.14763 0.27592 
1.1089 -0.570149 -0.357951 
-0.570149 0.503793 0.148227 
-0.357951 0.148227 0.277106 
1.06421 -0.541184 -0.334839 
-0.541184 0.475164 0.138797 
-0.334839 0.138797 0.259551 
0.994789 -0.489059 -0.288707 
-0.489059 0.420895 0.120099 
-0.288707 0.120099 0.224776 
0.972237 -0.434907 -0.21999 
-0.434907 0.351786 0.0926951 
-0.21999 0.0926951 0.17401 
1.15284 -0.432498 -0.140752 
-0.432498 0.302061 0.0622345 
-0.140752 0.0622345 0.118109 
1.68285 -0.543246 -0.078291 
-0.543246 0.31909 0.0403613 
-0.078291 0.0403613 0.0789915 
2.43835 -0.743145 -0.0499351 
-0.743145 0.4015 0.033271 
-0.0499351 0.033271 0.0678054 
3.09013 -0.929158 -0.0450487 
-0.929158 0.491351 0.0349257 
-0.0450487 0.0349257 0.0725355 
3.47866 -1.04337 -0.0469425 
-1.04337 0.549518 0.0378203 
-0.0469425 0.0378203 0.0788861 
3.65317 -1.09528 -0.0486669 
-1.09528 0.576482 0.0394675 
-0.0486669 0.0394675 0.0823806 
3.6989 -1.10892 -0.0491859 
-1.10892 0.583615 0.0399273 
-0.0491859 0.0399273 0.0833475 
3.65236 -1.09494 -0.0485523 
-1.09494 0.576282 0.0394288 
-0.0485523 0.0394288 0.0823004 
3.48884 -1.0458 -0.0463547 
-1.0458 0.550598 0.0377114 
-0.0463547 0.0377114 0.0786714 
3.12798 -0.937014 -0.0414416 
-0.937014 0.494272 0.0340645 
-0.0414416 0.0340645 0.0708313 
2.48855 -0.74277 -0.032451 
-0.74277 0.395966 0.0282129 
-0.032451 0.0282129 0.0576535 
1.65795 -0.485876 -0.0198924 
-0.485876 0.272905 0.0224969 
-0.0198924 0.0224969 0.0427431 
0.975217 -0.265307 -0.00776013 
-0.265307 0.181281 0.0216742 
-0.00776012 0.0216742 0.0350244 
0.669542 -0.153678 0.000148286 
-0.153678 0.153304 0.0266109 
0.000148302 0.0266109 0.0377794 
0.624871 -0.123456 0.00397921 
-0.123456 0.163306 0.0330629 
0.00397923 0.0330629 0.044891 
0.659573 -0.123029 0.00560101 
-0.123029 0.179754 0.0378998 
0.00560103 0.0378997 0.0508971 
0.695405 -0.127749 0.00628308 
-0.127749 0.191509 0.040768 
0.00628311 0.040768 0.0546096 
0.718029 -0.13141 0.00658266 
-0.13141 0.198241 0.0422982 
0.00658269 0.0422982 0.0566249 
0.729683 -0.133417 0.00671368 
-0.133417 0.201586 0.0430367 
0.00671371 0.0430367 0.0576049 
0.731598 -0.133735 0.00673649 
-0.133735 0.202151 0.0431644 
0.00673652 0.0431644 0.0577749 
0.715021 -0.130712 0.00656414 
-0.130712 0.197621 0.0422124 
0.00656417 0.0422124 0.0565238 
0.646796 -0.118479 0.00563267 
-0.118479 0.179364 0.0385046 
0.0056327 0.0385046 0.051899 
0.477252 -0.0897073 0.00125797 
-0.0897073 0.138011 0.031438 
0.00125799 0.031438 0.0455733 
0.279934 -0.0635966 -0.0131838 
-0.0635966 0.108149 0.0329768 
-0.0131838 0.0329768 0.0616914 
0.230472 -0.0719913 -0.0357486 
-0.0719913 0.137675 0.0531439 
-0.0357486 0.0531439 0.113306 
0.268667 -0.0924948 -0.0525439 
-0.0924948 0.18173 0.0733022 
-0.0525439 0.0733022 0.159382 
0.29991 -0.104748 -0.060552 
-0.104748 0.20657 0.0838078 
-0.060552 0.0838078 0.182683 
0.312656 -0.109417 -0.063392 
-0.109417 0.215862 0.0876461 
-0.063392 0.0876461 0.191126 
0.311565 -0.108929 -0.0629604 
-0.108929 0.214629 0.0871033 
-0.0629604 0.0871033 0.190012 
0.297352 -0.102632 -0.0577186 
-0.102632 0.199585 0.0804982 
-0.0577186 0.0804982 0.176138 
0.304777 -0.094382 -0.0398887 
-0.094382 0.161871 0.0611119 
-0.0398887 0.0611119 0.13817 
0.587787 -0.135142 0.00662294 
-0.135142 0.127062 0.0250948 
0.00662294 0.0250948 0.0827875 
1.41502 -0.291053 0.0770407 
-0.291053 0.170517 -0.0074217 
0.0770407 -0.0074217 0.0649805 
2.16185 -0.439729 0.126506 
-0.439729 0.241009 -0.021113 
0.126506 -0.021113 0.0799229 
2.47297 -0.502609 0.14543 
-0.502609 0.274102 -0.0249489 
0.14543 -0.0249489 0.0898456 
2.55763 -0.519789 0.150456 
-0.519789 0.283381 -0.0258555 
0.150456 -0.0258555 0.0928177 
2.56134 -0.520539 0.150677 
-0.520539 0.283787 -0.0258952 
0.150677 -0.0258952 0.092949 
2.51291 -0.510687 0.147829 
-0.510687 0.278432 -0.0253994 
0.147829 -0.0253994 0.0912137 
2.36838 -0.481239 0.139329 
-0.481239 0.262501 -0.0238891 
0.139329 -0.0238891 0.0861411 
2.01208 -0.408287 0.118391 
-0.408287 0.223608 -0.0199372 
0.118391 -0.0199372 0.0744359 
1.35573 -0.271934 0.0799016 
-0.271934 0.154089 -0.0113849 
0.0799016 -0.0113849 0.057331 
0.707338 -0.130811 0.0421434 
-0.130811 0.0923591 0.00121921 
0.0421434 0.0012192 0.0549918 
0.502694 -0.0757213 0.0306601 
-0.0757213 0.0842771 0.0120197 
0.0306601 0.0120197 0.0781531 
0.545076 -0.0749378 0.03354 
-0.0749378 0.0991304 0.0176691 
0.0335401 0.0176691 0.100983 
0.591974 -0.0803553 0.0364681 
-0.0803553 0.108773 0.0198556 
0.0364682 0.0198555 0.112005 
0.611194 -0.0828552 0.0376565 
-0.0828552 0.112422 0.0205708 
0.0376565 0.0205708 0.115889 
0.615401 -0.083415 0.0379145 
-0.083415 0.113208 0.0207192 
0.0379145 0.0207192 0.11671 
0.60943 -0.0826056 0.0375301 
-0.0826056 0.112111 0.0205184 
0.0375301 0.0205184 0.115572 
0.586339 -0.0794842 0.0359508 
-0.0794842 0.107866 0.0197371 
0.0359508 0.0197371 0.111122 
0.526965 -0.0715077 0.0309724 
-0.0715077 0.0969719 0.0177051 
0.0309724 0.0177051 0.0992635 
0.431785 -0.0590718 0.0165018 
-0.0590718 0.0796457 0.0142856 
0.0165019 0.0142856 0.0773118 
0.433845 -0.0611534 -0.0167168 
-0.0611534 0.0807335 0.0135225 
-0.0167167 0.0135225 0.0625901 
0.665745 -0.0958281 -0.0624097 
-0.0958281 0.124669 0.0198329 
-0.0624097 0.0198329 0.0793875 
0.929479 -0.134299 -0.0965413 
-0.134299 0.174257 0.0274548 
-0.0965413 0.0274548 0.106573 
1.0747 -0.155353 -0.112951 
-0.155353 0.20151 0.0317112 
-0.112951 0.0317112 0.122622 
1.13249 -0.163716 -0.119189 
-0.163716 0.21235 0.0334123 
-0.119189 0.0334123 0.129142 
1.14854 -0.166041 -0.120896 
-0.166041 0.215364 0.0338843 
-0.120896 0.0338843 0.130961 
1.13766 -0.164508 -0.119733 
-0.164508 0.213369 0.0335527 
-0.119733 0.0335527 0.129699 
1.08456 -0.157223 -0.113934 
-0.157223 0.203863 0.0318783 
-0.113934 0.0318783 0.123429 
0.947704 -0.140872 -0.0977076 
-0.140872 0.182149 0.0269002 
-0.0977076 0.0269002 0.105951 
0.760671 -0.135356 -0.0666014 
-0.135356 0.171824 0.0154848 
-0.0666014 0.0154848 0.0728789 
0.851361 -0.21973 -0.0383402 
-0.21973 0.270766 -0.00136668 
-0.0383402 -0.00136668 0.0443283 
1.31873 -0.388301 -0.0339513 
-0.388301 0.474534 -0.0152545 
-0.0339513 -0.0152545 0.0424975 
1.71368 -0.513423 -0.0394358 
-0.513423 0.626804 -0.0222422 
-0.0394358 -0.0222422 0.0504074 
1.89413 -0.568565 -0.0430156 
-0.568565 0.694047 -0.0248797 
-0.0430156 -0.0248797 0.0551264 
1.9475 -0.584705 -0.044163 
-0.584705 0.713739 -0.025611 
-0.044163 -0.025611 0.0566161 
1.92641 -0.578379 -0.0436786 
-0.578379 0.706009 -0.0253132 
-0.0436786 -0.0253132 0.0560207 
1.81313 -0.544297 -0.0411173 
-0.544297 0.664349 -0.0236375 
-0.0411173 -0.0236375 0.0529186 
1.52639 -0.457709 -0.0346714 
-0.457709 0.558261 -0.0185665 
-0.0346714 -0.0185665 0.0459217 
1.02928 -0.305835 -0.0236928 
-0.305835 0.370804 -0.00516939 
-0.0236928 -0.00516938 0.0385331 
0.616535 -0.174124 -0.0152035 
-0.174124 0.203879 0.0206477 
-0.0152035 0.0206477 0.0475253 
0.574522 -0.150957 -0.0154277 
-0.150957 0.167271 0.0488243 
-0.0154277 0.0488243 0.0747424 
0.671848 -0.173151 -0.018418 
-0.173151 0.188816 0.0659399 
-0.018418 0.0659399 0.0965093 
0.732038 -0.188224 -0.0201172 
-0.188224 0.204851 0.0729958 
-0.0201172 0.0729958 0.106338 
0.753194 -0.193618 -0.0207054 
-0.193618 0.210681 0.075227 
-0.0207054 0.075227 0.109536 
0.753129 -0.193599 -0.0207217 
-0.193599 0.210675 0.0752477 
-0.0207217 0.0752477 0.109557 
0.731558 -0.188072 -0.0203006 
-0.188073 0.204847 0.0732448 
-0.0203006 0.0732448 0.106592 
0.666926 -0.171627 -0.0200452 
-0.171627 0.188604 0.0681241 
-0.0200452 0.0681241 0.0987154 
0.533659 -0.138563 -0.0271652 
-0.138563 0.164328 0.0642779 
-0.0271652 0.0642779 0.0901302 
0.4131 -0.112856 -0.0715958 
-0.112856 0.188163 0.0941479 
-0.0715958 0.0941479 0.120404 
0.491305 -0.144053 -0.173998 
-0.144053 0.33089 0.189967 
-0.173998 0.189967 0.232165 
0.676669 -0.202205 -0.273998 
-0.202205 0.497142 0.291796 
-0.273998 0.291796 0.354157 
0.79727 -0.238828 -0.328118 
-0.238828 0.592119 0.348443 
-0.328118 0.348443 0.422571 
0.848549 -0.254261 -0.349874 
-0.254261 0.630989 0.371426 
-0.349874 0.371426 0.450404 
0.865335 -0.2593 -0.35687 
-0.2593 0.643561 0.378839 
-0.35687 0.378839 0.459387 
0.860813 -0.25796 -0.354927 
-0.25796 0.640092 0.376767 
-0.354927 0.376767 0.456876 
0.818426 -0.245527 -0.335708 
-0.245527 0.606242 0.356216 
-0.335708 0.356216 0.432003 
0.719013 -0.219511 -0.2703 
-0.219511 0.499636 0.284692 
-0.2703 0.284692 0.345924 
0.865417 -0.290476 -0.155407 
-0.290476 0.373923 0.147718 
-0.155407 0.147718 0.184519 
1.79856 -0.638492 -0.0978113 
-0.638492 0.475736 0.0486941 
-0.0978113 0.0486941 0.0762807 
2.77955 -0.99336 -0.108352 
-0.99336 0.677917 0.0261447 
-0.108352 0.0261447 0.0594821 
3.26217 -1.16658 -0.122405 
-1.16658 0.789254 0.025223 
-0.122405 0.025223 0.0633151 
3.44434 -1.23181 -0.128702 
-1.23181 0.832609 0.0260137 
-0.128702 0.0260137 0.0661162 
3.51043 -1.25545 -0.131102 
-1.25545 0.848492 0.0264337 
-0.131102 0.0264337 0.0672906 
3.53534 -1.26436 -0.132022 
-1.26436 0.854498 0.0266094 
-0.132022 0.0266094 0.067754 
3.54532 -1.26793 -0.132393 
-1.26793 0.856909 0.0266825 
-0.132393 0.0266825 0.0679429 
