4  16
0.0626297  0.070768  0.030054  0.0698856  0.0761127  0.0550058  0.076077  0.0768003  0.0541043  0.0638956  0.0687208  0.0647902  0.0592717  0.0638014  0.0605753  0.0475076  
5.25232  -5.15529  1.72737  -0.87792  
15.2313  0.0615724  0.182275  0.415634  
22.9679  0.645507  -0.0448503  -1.11089  
30.1115  -0.509472  -0.0850676  -0.0490773  
41.2283  0.655969  -0.169575  0.485668  
51.555  0.111085  0.103726  -0.92678  
60.5463  -0.475523  -0.108318  0.230396  
72.2892  -0.211157  0.25753  0.420974  
82.1443  1.25816  -0.418351  -0.906312  
91.0384  -0.576276  -0.0771967  0.46866  
100.937  -0.483881  0.420103  0.307525  
110.985  1.15766  -0.247245  -0.763844  
120.306  -0.46192  -0.276178  0.411151  
129.47  -0.603209  0.67548  0.440126  
138.855  1.08222  -0.456483  -1.00515  
146.838  -1.36638  0.271103  0.499198  
7.79023  7.8514  -3.65439  1.73915  
7.8514  12.2685  -4.98287  1.80463  
-3.65439  -4.98287  2.20431  -0.838812  
1.73915  1.80463  -0.838812  0.483165  
10.6  -4.19645  1.3269  -0.549587  
-4.19645  3.28596  -1.02791  0.33064  
1.3269  -1.02791  0.430101  -0.0706564  
-0.549587  0.33064  -0.0706564  0.161455  
3.76429  1.25548  -0.613557  -0.14858  
1.25548  2.47753  -1.82228  -0.503921  
-0.613557  -1.82228  1.68718  0.450836  
-0.14858  -0.503921  0.450836  0.16596  
11.2135  -5.78677  0.421913  1.19423  
-5.78677  4.01481  -0.49406  -0.73254  
0.421913  -0.49406  0.169621  0.120019  
1.19423  -0.73254  0.120019  0.242228  
11.3854  -3.40312  3.20278  0.0838456  
-3.40312  2.1434  -1.17658  -0.0517182  
3.20278  -1.17658  1.10768  0.0731299  
0.0838456  -0.0517182  0.0731299  0.0632478  
8.52395  4.14305  -0.927614  -0.75613  
4.14305  3.31518  -1.12455  -0.794095  
-0.927614  -1.12455  0.698419  0.25881  
-0.75613  -0.794095  0.25881  0.397043  
17.6025  -1.04801  -2.64627  0.756067  
-1.04801  3.85141  -0.97838  -0.0953865  
-2.64627  -0.97838  0.995644  -0.0727697  
0.756067  -0.0953865  -0.0727697  0.117842  
12.1857  -6.16685  2.43067  -0.695387  
-6.16685  3.86652  -1.36638  0.358785  
2.43067  -1.36638  0.69089  -0.0947096  
-0.695387  0.358785  -0.0947096  0.0985713  
5.92077  0.493145  0.196963  0.60235  
0.493145  0.370957  -0.0991137  -0.0168177  
0.196963  -0.0991137  0.234518  0.112623  
0.60235  -0.0168177  0.112623  0.263184  
8.27706  2.89189  -1.52087  0.901478  
2.89189  3.60887  -1.05946  0.467827  
-1.52087  -1.05946  0.567355  -0.191914  
0.901478  0.467827  -0.191914  0.192476  
9.62269  -5.92774  2.02837  -0.4997  
-5.92774  4.27385  -1.33385  0.346163  
2.02837  -1.33385  0.542032  -0.0843807  
-0.4997  0.346163  -0.0843807  0.143965  
8.62932  -0.191418  0.567503  1.27407  
-0.191418  1.17301  -0.18155  -0.151291  
0.567503  -0.18155  0.256474  0.118271  
1.27407  -0.151291  0.118271  0.321378  
7.73302  4.96389  -1.84739  0.0965323  
4.96389  5.196  -1.78923  0.0164014  
-1.84739  -1.78923  1.17787  -0.0494974  
0.0965323  0.0164014  -0.0494974  0.0596151  
8.87995  -4.89096  1.66599  -0.341963  
-4.89096  3.46205  -1.11507  0.167232  
1.66599  -1.11507  0.527421  0.0125791  
-0.341963  0.167232  0.0125791  0.124897  
8.02391  0.664715  -0.535479  0.886637  
0.664715  0.933726  -0.307654  -0.288929  
-0.535479  -0.307654  0.689223  0.325515  
0.886637  -0.288929  0.325515  0.564449  
4.78743  0.0905827  -0.602534  0.11576  
0.0905827  3.55567  -1.28242  -0.130525  
-0.602534  -1.28242  0.934829  0.0121778  
0.11576  -0.130525  0.0121778  0.0709068  
