3,3,150
0.270396 -0.0529241 -0.0428791 
-0.0529239 0.0137352 0.00752452 
-0.0428792 0.00752452 0.0349527 
0.269468 -0.0527431 -0.0427306 
-0.0527428 0.0136895 0.00749759 
-0.0427308 0.00749759 0.0348336 
0.267756 -0.0524098 -0.0424559 
-0.0524095 0.0136064 0.00744706 
-0.0424561 0.00744706 0.0346148 
0.264502 -0.0517783 -0.0419303 
-0.051778 0.0134526 0.0073478 
-0.0419304 0.0073478 0.0342016 
0.258067 -0.0505375 -0.0408762 
-0.0505372 0.0131658 0.00713854 
-0.0408763 0.00713854 0.0333954 
0.244986 -0.048051 -0.0386693 
-0.0480508 0.0126593 0.00665531 
-0.0386694 0.00665531 0.031806 
0.218978 -0.04328 -0.0339699 
-0.0432798 0.0120227 0.00541481 
-0.0339699 0.00541481 0.0288836 
0.174911 -0.0360307 -0.0245071 
-0.0360305 0.0127306 0.00196457 
-0.0245072 0.00196457 0.0250793 
0.131232 -0.0322464 -0.00900996 
-0.0322463 0.0207162 -0.00695329 
-0.00900999 -0.00695329 0.025986 
0.136964 -0.0432273 0.00781541 
-0.0432273 0.0421217 -0.0227314 
0.0078154 -0.0227314 0.0402857 
0.182472 -0.0621971 0.0186991 
-0.0621971 0.0659837 -0.0377316 
0.0186991 -0.0377316 0.0600069 
0.215251 -0.0740622 0.0233026 
-0.0740622 0.0793187 -0.045628 
0.0233026 -0.045628 0.0717381 
0.228053 -0.0785309 0.0248034 
-0.0785309 0.0841729 -0.048445 
0.0248034 -0.048445 0.0760925 
0.231786 -0.0798208 0.0252176 
-0.0798209 0.0855605 -0.0492454 
0.0252176 -0.0492454 0.0773443 
0.232605 -0.0801033 0.0253073 
-0.0801033 0.0858635 -0.0494199 
0.0253073 -0.0494199 0.0776181 
0.232443 -0.0800474 0.0252895 
-0.0800474 0.0858037 -0.0493853 
0.0252895 -0.0493853 0.077564 
0.231463 -0.0797096 0.0251822 
-0.0797096 0.0854426 -0.0491765 
0.0251822 -0.0491765 0.0772373 
0.228793 -0.0787893 0.0248866 
-0.0787893 0.0844626 -0.0486057 
0.0248866 -0.0486057 0.0763497 
0.222131 -0.0764894 0.0241283 
-0.0764894 0.08204 -0.0471666 
0.0241283 -0.0471666 0.0741485 
0.206827 -0.0711838 0.0222644 
-0.0711838 0.076606 -0.043774 
0.0222644 -0.043774 0.0691697 
0.176396 -0.0605278 0.017953 
-0.0605278 0.066458 -0.036599 
0.017953 -0.036599 0.0596609 
0.129959 -0.043857 0.00904578 
-0.043857 0.053498 -0.0239993 
0.00904578 -0.0239993 0.0466533 
0.0847073 -0.0265223 -0.00581428 
-0.0265223 0.0475718 -0.00733839 
-0.00581428 -0.00733839 0.0379657 
0.0632898 -0.0163955 -0.023757 
-0.0163955 0.0566005 0.00828355 
-0.023757 0.00828355 0.0408943 
0.063762 -0.0138638 -0.0389949 
-0.0138638 0.0733588 0.0190256 
-0.0389949 0.0190256 0.0509187 
0.0707377 -0.0144081 -0.0487793 
-0.0144081 0.0873702 0.0250204 
-0.0487793 0.0250204 0.0600507 
0.0762438 -0.0152782 -0.0540018 
-0.0152782 0.095718 0.0279792 
-0.0540018 0.0279792 0.0656459 
0.0790622 -0.0157836 -0.0563329 
-0.0157836 0.099622 0.0292521 
-0.0563329 0.0292521 0.0682923 
0.0796419 -0.0158868 -0.056807 
-0.0158868 0.100429 0.0295146 
-0.056807 0.0295146 0.068847 
0.078099 -0.0155831 -0.0556427 
-0.0155831 0.0984569 0.028917 
-0.0556427 0.028917 0.0675324 
0.0738415 -0.0147647 -0.0522631 
-0.0147647 0.0928932 0.0271768 
-0.0522631 0.0271768 0.0638806 
0.0660879 -0.0133448 -0.0453374 
-0.0133448 0.0823135 0.0236384 
-0.0453374 0.0236384 0.0572824 
0.0566071 -0.0119072 -0.0335851 
-0.0119072 0.0674896 0.0177469 
-0.0335851 0.0177469 0.0494616 
0.054698 -0.0127778 -0.018448 
-0.0127778 0.0571671 0.0104764 
-0.018448 0.0104764 0.0488517 
0.0716672 -0.0184401 -0.00547697 
-0.0184401 0.064161 0.00482009 
-0.00547697 0.00482009 0.0654195 
0.100776 -0.0267689 0.00153532 
-0.0267689 0.0849139 0.00237719 
0.00153532 0.00237719 0.0926886 
0.124789 -0.0333556 0.00419312 
-0.0333556 0.10383 0.00185169 
0.00419312 0.00185169 0.114948 
0.138153 -0.0369661 0.00506245 
-0.0369661 0.114709 0.00184978 
0.00506245 0.00184978 0.12729 
0.144179 -0.0385845 0.00535002 
-0.0385845 0.119674 0.00189866 
0.00535002 0.00189866 0.132847 
0.146607 -0.039235 0.00544977 
-0.039235 0.121683 0.001926 
0.00544977 0.001926 0.135084 
0.147504 -0.0394752 0.00548444 
-0.0394752 0.122427 0.00193717 
0.00548444 0.00193717 0.135911 
0.147746 -0.0395399 0.00549358 
-0.0395399 0.122627 0.00194028 
0.00549358 0.00194028 0.136134 
0.147531 -0.0394823 0.00548547 
-0.0394823 0.122449 0.00193767 
0.00548547 0.00193767 0.135936 
0.146454 -0.0391928 0.00544389 
-0.0391928 0.12156 0.00192621 
0.00544389 0.00192621 0.134951 
0.143006 -0.0382552 0.00529951 
-0.0382552 0.118736 0.0019086 
0.00529951 0.0019086 0.13184 
0.133496 -0.0355798 0.00480437 
-0.0355798 0.111173 0.00202575 
0.00480437 0.00202575 0.123649 
0.112554 -0.0290859 0.00305877 
-0.0290859 0.0960546 0.00340454 
0.00305877 0.00340454 0.108265 
0.0830113 -0.017095 -0.00248019 
-0.017095 0.0819249 0.0106113 
-0.00248019 0.0106113 0.0990079 
0.0673178 -0.00234047 -0.0145379 
-0.00234047 0.095749 0.0300302 
-0.0145379 0.0300302 0.130967 
0.0772831 0.00931132 -0.0297336 
0.00931133 0.140445 0.0567849 
-0.0297336 0.0567849 0.203122 
0.0953269 0.0159379 -0.0415162 
0.0159379 0.184563 0.0783219 
-0.0415162 0.0783219 0.270129 
0.108246 0.0191398 -0.0482753 
0.0191398 0.212226 0.0908738 
-0.0482753 0.0908738 0.311321 
0.115093 0.0205789 -0.051577 
0.0205789 0.226231 0.0970463 
-0.051577 0.0970463 0.332016 
0.117779 0.0211112 -0.052836 
0.0211112 0.231641 0.0994073 
-0.052836 0.0994073 0.339991 
0.116928 0.0209665 -0.0524522 
0.0209665 0.229971 0.0986973 
-0.0524522 0.0986973 0.337547 
0.11072 0.0198163 -0.0495464 
0.0198163 0.217549 0.0933416 
-0.0495464 0.0933416 0.319296 
0.0946724 0.0166617 -0.041493 
0.0166617 0.184468 0.0789584 
-0.041493 0.0789585 0.270598 
0.0684257 0.0105161 -0.0252851 
0.0105161 0.124967 0.0524569 
-0.0252851 0.0524569 0.182526 
0.0519737 0.00325608 -0.00462364 
0.00325608 0.0690069 0.0255506 
-0.00462365 0.0255506 0.0981806 
0.0609595 -0.00124315 0.0101778 
-0.00124314 0.0532138 0.0146756 
0.0101778 0.0146756 0.0718691 
0.0759542 -0.00290966 0.0168747 
-0.00290966 0.0588511 0.0141748 
0.0168747 0.0141748 0.0779121 
0.0842091 -0.00341537 0.0192922 
-0.00341537 0.0642102 0.0151432 
0.0192922 0.0151432 0.0847608 
0.087176 -0.00355875 0.0200405 
-0.00355875 0.0663498 0.015608 
0.0200405 0.015608 0.0875557 
0.087435 -0.00357603 0.0201077 
-0.00357603 0.0665297 0.0156393 
0.0201077 0.0156393 0.0877899 
0.0856908 -0.00352836 0.0197073 
-0.00352835 0.0651804 0.0152847 
0.0197073 0.0152847 0.0860099 
0.0810853 -0.00346983 0.0186481 
-0.00346983 0.0615614 0.0142287 
0.0186481 0.0142287 0.0812387 
0.0721036 -0.00379143 0.0165817 
-0.00379143 0.0541191 0.0113901 
0.0165817 0.0113901 0.0714409 
0.0614662 -0.00644999 0.0141319 
-0.00644999 0.0432942 0.00395461 
0.0141319 0.00395462 0.0572592 
0.0658772 -0.0161889 0.0151358 
-0.0161889 0.038212 -0.0123515 
0.0151358 -0.0123515 0.050869 
0.0993768 -0.0340405 0.022822 
-0.0340405 0.0491515 -0.0358359 
0.022822 -0.0358359 0.0658494 
0.139647 -0.0507815 0.0320668 
-0.0507815 0.0664671 -0.0556282 
0.0320668 -0.0556282 0.0891975 
0.164457 -0.060295 0.0377633 
-0.060295 0.0778419 -0.0663903 
0.0377633 -0.0663903 0.104488 
0.175289 -0.0643324 0.0402506 
-0.0643324 0.0829111 -0.0708811 
0.0402506 -0.0708811 0.111296 
0.179128 -0.0657492 0.0411321 
-0.0657492 0.08472 -0.0724476 
0.0411321 -0.0724476 0.113725 
0.179807 -0.0659993 0.0412876 
-0.0659993 0.0850405 -0.0727239 
0.0412876 -0.0727239 0.114156 
0.178176 -0.0653994 0.0409092 
-0.0653994 0.0842691 -0.072064 
0.0409092 -0.072064 0.113126 
0.172637 -0.0633576 0.0396084 
-0.0633576 0.0816521 -0.0698225 
0.0396084 -0.0698225 0.109654 
0.158565 -0.0581307 0.0361754 
-0.0581307 0.0750136 -0.0641211 
0.0361754 -0.0641211 0.101029 
0.12914 -0.0469794 0.0282669 
-0.0469794 0.0611955 -0.0521649 
0.0282669 -0.0521649 0.0841175 
0.0855462 -0.0295608 0.0136045 
-0.0295608 0.0409746 -0.0343099 
0.0136045 -0.0343099 0.0635858 
0.0495766 -0.0129891 -0.00571441 
-0.0129891 0.0249064 -0.0192312 
-0.00571441 -0.0192312 0.0577349 
0.0378417 -0.00435371 -0.0226175 
-0.00435371 0.020569 -0.0138033 
-0.0226175 -0.0138033 0.0721064 
0.0396611 -0.00173117 -0.0330008 
-0.00173117 0.0223515 -0.0140209 
-0.0330008 -0.0140209 0.0898493 
0.0430023 -0.00119074 -0.0380309 
-0.00119074 0.0244277 -0.0150939 
-0.0380309 -0.0150939 0.100872 
0.0447436 -0.00110725 -0.0399927 
-0.00110725 0.0254571 -0.0156838 
-0.0399927 -0.0156838 0.105597 
0.0449516 -0.00108871 -0.0402169 
-0.00108871 0.0255946 -0.015751 
-0.0402169 -0.015751 0.106119 
0.0437961 -0.00105969 -0.039029 
-0.00105968 0.024987 -0.0153379 
-0.039029 -0.0153379 0.103042 
0.0411339 -0.00100933 -0.0359548 
-0.00100933 0.0236725 -0.0143746 
-0.0359548 -0.0143746 0.0952327 
0.0375618 -0.000982385 -0.0299613 
-0.000982382 0.0224484 -0.0130007 
-0.0299613 -0.0130007 0.0806476 
0.0381743 -0.00120481 -0.0207116 
-0.00120481 0.0256345 -0.0127867 
-0.0207116 -0.0127867 0.0605442 
0.0551623 -0.00213693 -0.0112499 
-0.00213692 0.0424511 -0.0176598 
-0.0112499 -0.0176598 0.0464056 
0.0911195 -0.00379054 -0.00628666 
-0.00379054 0.0736833 -0.0286333 
-0.00628665 -0.0286333 0.0496103 
0.125947 -0.00530748 -0.00547599 
-0.00530748 0.102777 -0.0394369 
-0.00547598 -0.0394369 0.0615045 
0.146115 -0.00616866 -0.0058191 
-0.00616866 0.119389 -0.0457285 
-0.00581909 -0.0457285 0.0701791 
0.154758 -0.00653508 -0.00609255 
-0.00653508 0.126472 -0.0484305 
-0.00609254 -0.0484305 0.074175 
0.157906 -0.00666817 -0.00620835 
-0.00666816 0.129047 -0.0494152 
-0.00620833 -0.0494152 0.0756657 
0.158946 -0.0067121 -0.00624841 
-0.00671209 0.129897 -0.0497406 
-0.00624839 -0.0497406 0.0761622 
0.159258 -0.00672528 -0.0062606 
-0.00672527 0.130152 -0.0498382 
-0.00626058 -0.0498382 0.0763116 
0.159305 -0.00672729 -0.00626246 
-0.00672728 0.130191 -0.0498531 
-0.00626245 -0.0498531 0.0763343 
0.159136 -0.00672015 -0.0062558 
-0.00672014 0.130053 -0.0498002 
-0.00625579 -0.0498002 0.0762534 
0.158391 -0.00668861 -0.0062263 
-0.0066886 0.129444 -0.0495668 
-0.00622628 -0.0495669 0.0758977 
0.155745 -0.00657621 -0.00611971 
-0.0065762 0.127293 -0.0487385 
-0.0061197 -0.0487386 0.07465 
0.147522 -0.00622155 -0.00576836 
-0.00622154 0.12069 -0.0461608 
-0.00576835 -0.0461608 0.0709263 
0.12685 -0.00528691 -0.00472206 
-0.0052869 0.104768 -0.0396543 
-0.00472205 -0.0396543 0.0628204 
0.0922627 -0.00348957 -0.00208651 
-0.00348956 0.0818128 -0.0286273 
-0.0020865 -0.0286274 0.0560755 
0.065747 -0.00137583 0.00272187 
-0.00137583 0.075819 -0.0197296 
0.00272187 -0.0197296 0.0723795 
0.0666762 3.95714e-05 0.00819656 
3.95718e-05 0.0995185 -0.0191424 
0.00819656 -0.0191424 0.115277 
0.0800684 0.000667636 0.0121923 
0.000667636 0.129287 -0.0226129 
0.0121923 -0.0226129 0.156529 
0.0907705 0.000907122 0.0143909 
0.000907122 0.148935 -0.0255448 
0.0143909 -0.0255448 0.181833 
0.0963759 0.000997267 0.0154062 
0.000997267 0.158658 -0.0271019 
0.0154061 -0.0271019 0.194036 
0.0978659 0.00102578 0.0156721 
0.00102578 0.161215 -0.027515 
0.0156721 -0.027515 0.197239 
0.094851 0.00103641 0.0151777 
0.00103641 0.156109 -0.0266575 
0.0151777 -0.0266575 0.190996 
0.0845882 0.00121625 0.0133968 
0.00121625 0.137978 -0.0237105 
0.0133968 -0.0237105 0.168692 
0.0662816 0.00266321 0.00967142 
0.00266321 0.100788 -0.0182129 
0.00967142 -0.0182129 0.122476 
0.0560274 0.00835429 0.00522492 
0.00835429 0.0590297 -0.0140888 
0.00522492 -0.0140888 0.0688665 
0.0727305 0.0184729 0.00309319 
0.0184729 0.0439139 -0.0166553 
0.00309319 -0.0166553 0.0460604 
0.096768 0.0268257 0.00302159 
0.0268257 0.0487513 -0.0216753 
0.00302159 -0.0216753 0.0484646 
0.109663 0.0306909 0.00325944 
0.0306909 0.0538695 -0.0244899 
0.00325944 -0.0244899 0.0530958 
0.11286 0.0315179 0.00330482 
0.0315179 0.0552803 -0.0251788 
0.00330482 -0.0251788 0.0544279 
0.110208 0.0304085 0.00311312 
0.0304085 0.053966 -0.024526 
0.00311312 -0.024526 0.0531132 
0.102899 0.0270072 0.00248989 
0.0270072 0.0503925 -0.0226754 
0.00248989 -0.0226754 0.0495408 
0.0922177 0.0190941 0.00069456 
0.0190941 0.045188 -0.0194955 
0.00069456 -0.0194955 0.0442219 
0.0871422 0.00176065 -0.00424102 
0.00176065 0.0427855 -0.0157901 
-0.00424102 -0.0157901 0.0412267 
0.110061 -0.0302659 -0.0151284 
-0.0302659 0.0542072 -0.0146903 
-0.0151284 -0.0146903 0.0509495 
0.169644 -0.0718166 -0.0308877 
-0.0718166 0.0836839 -0.0185744 
-0.0308877 -0.0185744 0.0776643 
0.232796 -0.106114 -0.044661 
-0.106114 0.114875 -0.024266 
-0.044661 -0.024266 0.106315 
0.271247 -0.125005 -0.0524486 
-0.125005 0.133856 -0.0280528 
-0.0524486 -0.0280528 0.12383 
0.287149 -0.132522 -0.055583 
-0.132522 0.141703 -0.029664 
-0.055583 -0.029664 0.131087 
0.290579 -0.134123 -0.056262 
-0.134123 0.143389 -0.0300057 
-0.056262 -0.0300057 0.132666 
0.287087 -0.1325 -0.0556144 
-0.1325 0.141646 -0.0296149 
-0.0556144 -0.0296149 0.131119 
0.277622 -0.128088 -0.0538742 
-0.128088 0.136908 -0.0285383 
-0.0538742 -0.0285383 0.126953 
0.260338 -0.119966 -0.0508306 
-0.119966 0.128158 -0.0264286 
-0.0508306 -0.0264286 0.119573 
0.232413 -0.106624 -0.0463739 
-0.106624 0.113686 -0.022525 
-0.0463739 -0.022525 0.108427 
0.193733 -0.0874791 -0.0415984 
-0.0874791 0.0926213 -0.0156181 
-0.0415984 -0.0156181 0.0953458 
0.153171 -0.0656421 -0.0402911 
-0.0656421 0.0678352 -0.00440323 
-0.0402911 -0.00440323 0.0878711 
0.129259 -0.0487783 -0.0479087 
-0.0487783 0.0471108 0.0112114 
-0.0479087 0.0112114 0.097616 
0.133782 -0.0429249 -0.0654769 
-0.0429249 0.0371789 0.0286606 
-0.0654769 0.0286606 0.127842 
0.157334 -0.045959 -0.0865119 
-0.045959 0.0367962 0.0439111 
-0.0865119 0.0439111 0.166389 
0.182482 -0.0516646 -0.103788 
-0.0516646 0.0401651 0.0546304 
-0.103788 0.0546304 0.198801 
0.200447 -0.0562888 -0.114977 
-0.0562888 0.0434114 0.0610513 
-0.114977 0.0610513 0.220011 
0.210977 -0.0591298 -0.12126 
-0.0591298 0.0455144 0.06452 
-0.12126 0.06452 0.23198 
0.216528 -0.0606584 -0.124509 
-0.0606584 0.0466702 0.0662793 
-0.124509 0.0662793 0.238181 
0.219287 -0.0614251 -0.126108 
-0.0614251 0.0472554 0.0671377 
-0.126108 0.0671377 0.241238 
0.22061 -0.0617945 -0.126872 
-0.0617945 0.0475385 0.0675459 
-0.126872 0.0675459 0.242698 
0.22123 -0.0619678 -0.127229 
-0.0619678 0.0476716 0.0677364 
-0.127229 0.0677364 0.243381 
0.221516 -0.0620477 -0.127393 
-0.0620477 0.047733 0.0678239 
-0.127393 0.0678239 0.243695 
0.221645 -0.0620839 -0.127467 
-0.0620839 0.0477608 0.0678635 
-0.127467 0.0678635 0.243838 
0.221703 -0.0621001 -0.127501 
-0.0621001 0.0477733 0.0678812 
-0.127501 0.0678812 0.243901 
0.221728 -0.0621072 -0.127515 
-0.0621072 0.0477788 0.067889 
-0.127515 0.067889 0.243929 
0.221739 -0.0621103 -0.127522 
-0.0621103 0.0477812 0.0678924 
-0.127522 0.0678924 0.243942 
