3,3,80
0.0626559 -0.0486194 -0.0323475 
-0.0486194 0.255176 -0.0172763 
-0.0323475 -0.0172763 0.134704 
0.0626141 -0.048587 -0.0323259 
-0.048587 0.255006 -0.0172648 
-0.0323259 -0.0172648 0.134614 
0.0624563 -0.0484646 -0.0322443 
-0.0484646 0.254365 -0.017221 
-0.0322443 -0.017221 0.134275 
0.0618731 -0.0480126 -0.0319422 
-0.0480126 0.252006 -0.0170568 
-0.0319422 -0.0170568 0.133018 
0.0598135 -0.0464216 -0.0308645 
-0.0464216 0.243836 -0.0164438 
-0.0308645 -0.0164438 0.128552 
0.0534969 -0.0416068 -0.0274325 
-0.0416068 0.220717 -0.0141634 
-0.0274325 -0.0141634 0.114511 
0.0414036 -0.0329822 -0.0196916 
-0.0329822 0.194294 -0.00610922 
-0.0196916 -0.00610922 0.0844782 
0.0408831 -0.0358769 -0.0129184 
-0.0358769 0.291331 0.0145335 
-0.0129184 0.0145335 0.0658392 
0.0641131 -0.0590344 -0.014793 
-0.0590344 0.540192 0.0400175 
-0.014793 0.0400175 0.088527 
0.0830425 -0.0768745 -0.0183518 
-0.0768745 0.712017 0.0543823 
-0.0183518 0.0543823 0.112486 
0.0893656 -0.0827628 -0.01968 
-0.0827628 0.767343 0.0587507 
-0.01968 0.0587507 0.120867 
0.0866678 -0.0802486 -0.0191102 
-0.0802486 0.744584 0.0570345 
-0.0191102 0.0570345 0.117305 
0.0717966 -0.0662668 -0.0161728 
-0.0662668 0.620507 0.0477056 
-0.0161728 0.0477056 0.0983507 
0.0416822 -0.0368986 -0.0119246 
-0.0368986 0.387512 0.0310786 
-0.0119246 0.0310786 0.0658033 
0.0184887 -0.0111184 -0.0137478 
-0.0111184 0.262865 0.0250702 
-0.0137478 0.0250702 0.0582294 
0.015071 -0.00360849 -0.0199966 
-0.00360849 0.308821 0.0321621 
-0.0199966 0.0321621 0.0776464 
0.016248 -0.00282514 -0.02327 
-0.00282514 0.351358 0.0369483 
-0.02327 0.0369483 0.0895917 
0.0162082 -0.00272927 -0.0233186 
-0.00272927 0.351691 0.0369298 
-0.0233186 0.0369298 0.089768 
0.0144146 -0.0024629 -0.0203969 
-0.0024629 0.309545 0.0318685 
-0.0203969 0.0318685 0.0789136 
0.0111061 -0.00217104 -0.0134533 
-0.00217104 0.217005 0.0182025 
-0.0134533 0.0182025 0.0546443 
0.0105997 -0.0030505 -0.00475577 
-0.0030505 0.130295 -0.00532177 
-0.00475577 -0.00532177 0.0301478 
0.0158359 -0.00537764 -0.000328764 
-0.00537764 0.130272 -0.0269737 
-0.000328764 -0.0269737 0.0265954 
0.0203338 -0.00702951 0.000605884 
-0.00702951 0.157505 -0.0375212 
0.000605884 -0.0375212 0.0313512 
0.0220183 -0.00762165 0.000736564 
-0.00762165 0.169786 -0.040855 
0.000736564 -0.040855 0.033729 
0.0223122 -0.00772519 0.000751116 
-0.00772519 0.17198 -0.0414089 
0.000751116 -0.0414089 0.0341631 
0.0217782 -0.00755757 0.000729749 
-0.00755757 0.167517 -0.0403416 
0.000729749 -0.0403416 0.0333095 
0.0201151 -0.00719056 0.000629431 
-0.00719056 0.150498 -0.0363185 
0.000629431 -0.0363185 0.0303326 
0.0197277 -0.00888646 0.000227933 
-0.00888646 0.110708 -0.0273916 
0.000227933 -0.0273916 0.0259666 
0.0359146 -0.0227048 -0.000970447 
-0.0227048 0.0702874 -0.0205936 
-0.000970447 -0.0205936 0.033817 
0.0728213 -0.0495237 -0.00270782 
-0.0495237 0.0723922 -0.0261171 
-0.00270782 -0.0261171 0.0613795 
0.100728 -0.0690028 -0.00385171 
-0.0690028 0.0900497 -0.0338759 
-0.00385171 -0.0338759 0.0838657 
0.111528 -0.0764461 -0.00427409 
-0.0764461 0.0986306 -0.0372623 
-0.00427409 -0.0372623 0.0927314 
0.111719 -0.0765287 -0.00426966 
-0.0765287 0.0986063 -0.0372387 
-0.00426966 -0.0372387 0.092757 
0.103306 -0.0703832 -0.00385705 
-0.0703832 0.0905498 -0.0339795 
-0.00385705 -0.0339795 0.0849008 
0.0866618 -0.0566532 -0.00266641 
-0.0566532 0.0720877 -0.0256799 
-0.00266641 -0.0256799 0.0657923 
0.0803728 -0.042515 -8.55614e-05 
-0.042515 0.0506162 -0.0119713 
-8.55602e-05 -0.0119713 0.0382473 
0.117126 -0.0467706 0.00348699 
-0.0467706 0.0491902 0.000460683 
0.00348699 0.000460684 0.0212983 
0.167105 -0.0619458 0.00609796 
-0.0619458 0.0625286 0.00617682 
0.00609796 0.00617682 0.0197116 
0.187737 -0.0687802 0.00700225 
-0.0687802 0.0691862 0.0075481 
0.00700225 0.0075481 0.020801 
0.181517 -0.0658703 0.00680921 
-0.0658703 0.0665419 0.00711806 
0.00680921 0.00711806 0.0200005 
0.15998 -0.0565385 0.00607006 
-0.0565385 0.0579496 0.00563548 
0.00607007 0.00563549 0.0176538 
0.134157 -0.0436604 0.00525855 
-0.0436604 0.0468831 0.00313025 
0.00525855 0.00313025 0.0148932 
0.122556 -0.0324554 0.00513694 
-0.0324554 0.0394384 -0.000300773 
0.00513694 -0.000300772 0.0137828 
0.141711 -0.029025 0.00632108 
-0.029025 0.0417221 -0.00396487 
0.00632108 -0.00396487 0.0161403 
0.180339 -0.0327091 0.00823364 
-0.0327091 0.0511655 -0.00684396 
0.00823364 -0.00684396 0.0206408 
0.212361 -0.0374617 0.00974294 
-0.0374617 0.0597692 -0.00850806 
0.00974294 -0.00850806 0.0243312 
0.228332 -0.0401027 0.0104834 
-0.0401027 0.0641842 -0.00922243 
0.0104834 -0.00922243 0.0261657 
0.231689 -0.0406717 0.0106369 
-0.0406717 0.065122 -0.00936325 
0.0106369 -0.00936325 0.0265541 
0.225447 -0.0395859 0.0103413 
-0.0395859 0.0633926 -0.00908615 
0.0103413 -0.00908615 0.0258568 
0.208751 -0.0367125 0.00953193 
-0.0367125 0.0588226 -0.00829009 
0.00953193 -0.00829009 0.0240282 
0.179614 -0.0318106 0.00803569 
-0.0318106 0.0510869 -0.00666402 
0.00803569 -0.00666402 0.0210028 
0.140464 -0.0255258 0.00580044 
-0.0255258 0.0413371 -0.0038438 
0.00580044 -0.0038438 0.0173831 
0.10094 -0.0197395 0.0031274 
-0.0197395 0.0326903 0.000177909 
0.0031274 0.000177908 0.0145546 
0.0711965 -0.0160664 0.000607249 
-0.0160664 0.027656 0.00462709 
0.000607248 0.00462709 0.0134373 
0.0530882 -0.0142434 -0.00123711 
-0.0142434 0.0255408 0.00815496 
-0.00123711 0.00815496 0.0133859 
0.0414056 -0.0127316 -0.00218292 
-0.0127316 0.0236588 0.00957099 
-0.00218292 0.00957099 0.0129127 
0.0307448 -0.0103454 -0.00230868 
-0.0103454 0.0202189 0.00841452 
-0.00230868 0.00841452 0.0111133 
0.0197323 -0.00721982 -0.00196775 
-0.00721982 0.0159453 0.0053006 
-0.00196775 0.0053006 0.00847251 
0.0107276 -0.00456903 -0.00165048 
-0.00456903 0.0132314 0.0018102 
-0.00165048 0.0018102 0.00645215 
0.00577914 -0.00322681 -0.00160057 
-0.00322681 0.0130385 -0.000645643 
-0.00160057 -0.000645643 0.00582103 
0.00404483 -0.0028319 -0.00167777 
-0.0028319 0.0138272 -0.00180853 
-0.00167777 -0.00180853 0.00594641 
0.00366788 -0.00266621 -0.0016753 
-0.00266621 0.0138911 -0.00211885 
-0.0016753 -0.00211885 0.00596632 
0.00366686 -0.00236713 -0.00152189 
-0.00236713 0.0127146 -0.00198086 
-0.00152189 -0.00198086 0.0055832 
0.00391189 -0.00187197 -0.00123948 
-0.00187197 0.0105369 -0.00160597 
-0.00123948 -0.00160597 0.0049078 
0.00464293 -0.00123588 -0.00088484 
-0.00123588 0.00787569 -0.00111296 
-0.00088484 -0.00111296 0.00421405 
0.00612351 -0.000562751 -0.000531572 
-0.000562751 0.00536758 -0.000606005 
-0.000531572 -0.000606005 0.00381062 
0.00830996 2.96912e-05 -0.00024888 
2.96912e-05 0.00355216 -0.000181275 
-0.00024888 -0.000181275 0.00387207 
0.0106541 0.000458151 -6.86348e-05 
0.000458151 0.0025803 0.0001077 
-6.86349e-05 0.0001077 0.00427689 
0.0123036 0.000699074 2.35741e-05 
0.000699074 0.00219368 0.000265557 
2.3574e-05 0.000265557 0.00466369 
0.0125641 0.000771845 6.56363e-05 
0.000771845 0.00202696 0.000334815 
6.56363e-05 0.000334815 0.0046807 
0.0112853 0.000720015 9.85911e-05 
0.000720015 0.00189544 0.000378902 
9.8591e-05 0.000378902 0.00420492 
0.00901979 0.00061072 0.000160437 
0.00061072 0.00186189 0.000475965 
0.000160437 0.000475965 0.00341661 
0.00673624 0.000518642 0.000273793 
0.000518642 0.00208332 0.000684409 
0.000273793 0.000684409 0.00266779 
0.00514445 0.000485196 0.000429833 
0.000485196 0.00258956 0.000994592 
0.000429833 0.000994592 0.00220543 
0.00434636 0.000504156 0.000596739 
0.000504156 0.00324513 0.00133972 
0.000596739 0.00133972 0.00204129 
0.00408456 0.000548331 0.000745593 
0.000548331 0.00388619 0.00165414 
0.000745593 0.00165414 0.00205918 
0.00408322 0.000595782 0.000863433 
0.000595782 0.00441947 0.00190607 
0.000863433 0.00190607 0.0021485 
0.00417232 0.000636047 0.000949867 
0.000636047 0.00482188 0.00209218 
0.000949867 0.00209218 0.0022469 
0.00427208 0.000666256 0.00100977 
0.000666256 0.00510553 0.00222172 
0.00100977 0.00222172 0.00232897 
0.00435182 0.000686769 0.00104864 
0.000686769 0.00529147 0.002306 
0.00104864 0.002306 0.00238771 
