3,3,117
0.10288 0.171129 -0.0169353 
0.171129 0.362376 -0.0191556 
-0.0169353 -0.0191556 0.0344147 
0.103105 0.171503 -0.0169733 
0.171503 0.363168 -0.0191971 
-0.0169732 -0.0191971 0.0344954 
0.102814 0.171018 -0.016924 
0.171018 0.362141 -0.0191433 
-0.016924 -0.0191433 0.0343908 
0.101934 0.169553 -0.0167749 
0.169553 0.35904 -0.018981 
-0.0167748 -0.018981 0.034072 
0.100246 0.166741 -0.0164866 
0.166741 0.353093 -0.0186706 
-0.0164866 -0.0186706 0.0334483 
0.0973567 0.161923 -0.0159852 
0.161923 0.342908 -0.0181418 
-0.0159852 -0.0181418 0.0323363 
0.0927852 0.154289 -0.015164 
0.154289 0.326786 -0.0173153 
-0.0151639 -0.0173153 0.0304186 
0.0867746 0.144205 -0.0139756 
0.144205 0.305557 -0.0162677 
-0.0139755 -0.0162677 0.0272833 
0.0836766 0.138796 -0.0128755 
0.138796 0.294473 -0.0159029 
-0.0128755 -0.0159029 0.0229116 
0.0991901 0.163915 -0.0138507 
0.163915 0.348658 -0.0193587 
-0.0138507 -0.0193587 0.0191792 
0.155578 0.256347 -0.0199945 
0.256347 0.546363 -0.0309854 
-0.0199945 -0.0309854 0.0203036 
0.240813 0.396441 -0.0301471 
0.396441 0.84546 -0.0482491 
-0.0301471 -0.0482491 0.0268968 
0.308665 0.508067 -0.0384656 
0.508067 1.08363 -0.061907 
-0.0384656 -0.061907 0.033482 
0.342577 0.563876 -0.0426668 
0.563876 1.20267 -0.0687175 
-0.0426668 -0.0687175 0.0370196 
0.355207 0.584664 -0.0442372 
0.584664 1.24701 -0.071252 
-0.0442372 -0.071252 0.0383694 
0.359119 0.591103 -0.0447242 
0.591103 1.26075 -0.0720368 
-0.0447242 -0.0720368 0.0387907 
0.360173 0.592837 -0.0448553 
0.592837 1.26445 -0.0722481 
-0.0448553 -0.0722481 0.0389044 
0.360404 0.593218 -0.0448841 
0.593218 1.26526 -0.0722945 
-0.0448841 -0.0722945 0.0389294 
0.360397 0.593206 -0.0448832 
0.593206 1.26523 -0.0722931 
-0.0448832 -0.0722931 0.0389286 
0.360262 0.592984 -0.0448665 
0.592984 1.26476 -0.0722661 
-0.0448665 -0.0722661 0.0389141 
0.35994 0.592454 -0.0448264 
0.592454 1.26363 -0.0722017 
-0.0448264 -0.0722017 0.0388795 
0.359244 0.591306 -0.0447394 
0.591306 1.26118 -0.0720624 
-0.0447394 -0.0720624 0.0388048 
0.357788 0.588903 -0.0445573 
0.588903 1.25606 -0.0717728 
-0.0445573 -0.0717728 0.0386503 
0.354848 0.584036 -0.0441877 
0.584036 1.2457 -0.0711935 
-0.0441877 -0.0711935 0.0383444 
0.349145 0.574534 -0.0434633 
0.574534 1.22552 -0.0700909 
-0.0434633 -0.0700909 0.0377751 
0.338627 0.556794 -0.0421007 
0.556794 1.188 -0.0681358 
-0.0421007 -0.0681358 0.0368134 
0.32053 0.525541 -0.0396664 
0.525541 1.12243 -0.0650348 
-0.0396664 -0.0650348 0.0354554 
0.292353 0.474662 -0.0356027 
0.474662 1.01724 -0.0610093 
-0.0356027 -0.0610093 0.034246 
0.254515 0.400338 -0.0294066 
0.400338 0.867635 -0.0577714 
-0.0294066 -0.0577714 0.0350665 
0.213804 0.306283 -0.0210041 
0.306283 0.687054 -0.0593789 
-0.0210041 -0.0593789 0.0416903 
0.183078 0.206409 -0.0111032 
0.206409 0.51054 -0.0710315 
-0.0111032 -0.0710315 0.0584612 
0.173387 0.118779 -0.00106449 
0.118779 0.37671 -0.0949913 
-0.00106449 -0.0949913 0.0866242 
0.185262 0.0545314 0.00778107 
0.0545314 0.301725 -0.127655 
0.00778107 -0.127655 0.122053 
0.209832 0.0137088 0.014734 
0.0137088 0.274829 -0.161952 
0.014734 -0.161952 0.157823 
0.236906 -0.0099056 0.0197628 
-0.0099056 0.274947 -0.192021 
0.0197628 -0.192021 0.188531 
0.260145 -0.0229193 0.0231856 
-0.0229193 0.285152 -0.215209 
0.0231856 -0.215209 0.211932 
0.277055 -0.0299267 0.0253744 
-0.0299267 0.296017 -0.231195 
0.0253744 -0.231195 0.22796 
0.287 -0.0335398 0.0266043 
-0.0335398 0.303147 -0.240418 
0.0266043 -0.240418 0.237189 
0.28946 -0.0350554 0.0270052 
-0.0350554 0.304173 -0.24295 
0.0270052 -0.24295 0.239762 
0.283027 -0.0350286 0.0265705 
-0.0350286 0.296827 -0.237911 
0.0265705 -0.237911 0.234871 
0.265203 -0.0337479 0.0252483 
-0.0337479 0.278351 -0.223553 
0.0252482 -0.223553 0.220884 
0.233797 -0.0319146 0.0232504 
-0.0319146 0.246982 -0.198749 
0.0232504 -0.198749 0.196918 
0.191192 -0.0317488 0.0216964 
-0.0317488 0.206718 -0.167004 
0.0216964 -0.167004 0.166921 
0.14952 -0.03755 0.0230431 
-0.03755 0.172568 -0.14072 
0.0230431 -0.14072 0.14386 
0.126709 -0.0529566 0.0296326 
-0.0529566 0.164426 -0.13607 
0.0296326 -0.13607 0.144062 
0.12978 -0.0758557 0.0406883 
-0.0758557 0.187028 -0.156573 
0.0406883 -0.156573 0.170213 
0.148278 -0.0990889 0.0524287 
-0.0990889 0.224388 -0.188777 
0.0524287 -0.188777 0.207496 
0.168159 -0.117067 0.0617026 
-0.117067 0.258518 -0.217824 
0.0617026 -0.217824 0.240236 
0.182782 -0.128685 0.0677562 
-0.128685 0.282238 -0.23791 
0.0677562 -0.23791 0.262634 
0.191717 -0.135377 0.0712601 
-0.135377 0.29638 -0.249859 
0.0712601 -0.249859 0.275893 
0.196562 -0.138905 0.0731121 
-0.138905 0.303963 -0.25626 
0.0731121 -0.25626 0.282978 
0.19879 -0.140505 0.073953 
-0.140505 0.307433 -0.259185 
0.073953 -0.259185 0.286213 
0.199185 -0.140786 0.0741002 
-0.140786 0.308061 -0.259706 
0.0741002 -0.259706 0.286785 
0.197796 -0.13978 0.0735695 
-0.13978 0.30596 -0.257895 
0.0735695 -0.257895 0.284769 
0.193865 -0.136889 0.0720412 
-0.136889 0.300087 -0.252764 
0.0720412 -0.252764 0.279031 
0.1857 -0.130639 0.0687235 
-0.130639 0.288333 -0.242092 
0.0687235 -0.242092 0.26694 
0.170967 -0.118342 0.0621405 
-0.118342 0.268987 -0.222781 
0.0621405 -0.222781 0.244412 
0.148898 -0.0961824 0.0500933 
-0.0961824 0.246838 -0.193657 
0.0500933 -0.193657 0.208057 
0.125797 -0.0610426 0.0304965 
-0.0610426 0.245461 -0.162532 
0.0304965 -0.162532 0.16166 
0.117865 -0.0146953 0.00371677 
-0.0146953 0.307594 -0.150015 
0.00371677 -0.150015 0.121792 
0.137453 0.0339249 -0.0255314 
0.0339249 0.451963 -0.17222 
-0.0255314 -0.17222 0.106378 
0.175767 0.0743287 -0.050749 
0.0743287 0.63446 -0.218573 
-0.050749 -0.218573 0.11442 
0.21372 0.102021 -0.0685165 
0.102021 0.792717 -0.265147 
-0.0685165 -0.265147 0.130997 
0.241071 0.118619 -0.0793571 
0.118619 0.900637 -0.29889 
-0.0793571 -0.29889 0.145288 
0.257554 0.127726 -0.0853657 
0.127726 0.964035 -0.319271 
-0.0853657 -0.319271 0.154526 
0.266249 0.13231 -0.0884075 
0.13231 0.997082 -0.330033 
-0.0884075 -0.330033 0.159552 
0.269784 0.134138 -0.089624 
0.134138 1.01045 -0.334404 
-0.089624 -0.334404 0.161617 
0.269321 0.133918 -0.089479 
0.133918 1.00874 -0.333812 
-0.089479 -0.333812 0.161323 
0.26436 0.131417 -0.0878209 
0.131417 0.990087 -0.327602 
-0.0878209 -0.327602 0.158333 
0.252474 0.125327 -0.0838109 
0.125327 0.945175 -0.312618 
-0.0838109 -0.312618 0.151126 
0.22937 0.113044 -0.0758604 
0.113044 0.856842 -0.282914 
-0.0758604 -0.282914 0.136875 
0.191622 0.0911757 -0.0622417 
0.0911757 0.708315 -0.232039 
-0.0622417 -0.232039 0.112593 
0.144959 0.0583831 -0.0433939 
0.0583831 0.511247 -0.161655 
-0.0433939 -0.161655 0.0793735 
0.109791 0.0196702 -0.0242953 
0.0196702 0.329966 -0.0904066 
-0.0242953 -0.0904066 0.046536 
0.103169 -0.0150873 -0.0110952 
-0.0150873 0.231528 -0.0412877 
-0.0110952 -0.0412877 0.0250336 
0.117675 -0.0394954 -0.00485657 
-0.0394954 0.211793 -0.0181909 
-0.00485657 -0.0181909 0.0160651 
0.135485 -0.0537395 -0.00269791 
-0.0537395 0.224435 -0.0102335 
-0.00269791 -0.0102335 0.0138554 
0.147157 -0.0607706 -0.00209837 
-0.0607706 0.238289 -0.00791463 
-0.00209837 -0.00791463 0.013781 
0.151273 -0.0631759 -0.00193485 
-0.0631759 0.243749 -0.00696899 
-0.00193485 -0.00696899 0.0139985 
0.148826 -0.0624722 -0.00184331 
-0.0624722 0.239994 -0.00591886 
-0.00184331 -0.00591886 0.0140666 
0.140616 -0.0593639 -0.00172132 
-0.0593639 0.227763 -0.00414231 
-0.00172132 -0.00414231 0.0140127 
0.126959 -0.0541701 -0.0015388 
-0.0541701 0.207727 -0.00106637 
-0.0015388 -0.00106637 0.0140694 
0.108435 -0.0473275 -0.00128726 
-0.0473275 0.181406 0.00413641 
-0.00128726 0.00413641 0.0147174 
0.0872301 -0.0399904 -0.000975261 
-0.0399904 0.15319 0.012532 
-0.000975261 0.012532 0.0167758 
0.068077 -0.0342992 -0.000629443 
-0.0342992 0.131317 0.0247959 
-0.000629443 0.0247959 0.0211603 
0.0563816 -0.0322818 -0.000271584 
-0.0322818 0.123673 0.0398186 
-0.000271584 0.0398186 0.0279189 
0.0534076 -0.0336617 0.000120623 
-0.0336617 0.129353 0.054006 
0.000120623 0.054006 0.0352945 
0.0549201 -0.0357632 0.00060607 
-0.0357632 0.138205 0.0634082 
0.00060607 0.0634082 0.0406937 
0.0560961 -0.0362519 0.00122725 
-0.0362519 0.141277 0.0666999 
0.00122725 0.0666999 0.0428468 
0.0551937 -0.0346824 0.00199362 
-0.0346824 0.136808 0.0652146 
0.00199362 0.0652146 0.0422602 
0.052689 -0.0316989 0.00290351 
-0.0316989 0.127229 0.0610149 
0.00290351 0.0610149 0.040091 
0.0495013 -0.0280192 0.00395712 
-0.0280192 0.11528 0.0556617 
0.00395712 0.0556617 0.0372831 
0.0462817 -0.0241081 0.00515375 
-0.0241081 0.102734 0.0500535 
0.00515375 0.0500535 0.034394 
0.0433798 -0.0202176 0.00648608 
-0.0202176 0.0905431 0.0446486 
0.00648608 0.0446486 0.0317072 
0.0409565 -0.0164815 0.00793772 
-0.0164815 0.079185 0.0396706 
0.00793772 0.0396706 0.0293548 
0.039069 -0.012974 0.00948419 
-0.012974 0.068894 0.0352239 
0.00948419 0.0352239 0.0273892 
0.0377155 -0.00973666 0.0110956 
-0.00973666 0.0597692 0.0313471 
0.0110956 0.0313471 0.0258188 
0.0368585 -0.00679021 0.0127399 
-0.00679021 0.0518245 0.0280381 
0.0127399 0.0280381 0.0246245 
0.0364392 -0.00413969 0.0143857 
-0.00413969 0.0450156 0.0252671 
0.0143857 0.0252671 0.0237706 
0.0363878 -0.00177851 0.0160045 
-0.00177851 0.0392594 0.0229871 
0.0160045 0.0229871 0.0232119 
0.0366315 0.000308269 0.0175721 
0.000308269 0.0344499 0.0211413 
0.0175721 0.0211413 0.0228994 
0.0371002 0.00214089 0.0190695 
0.00214089 0.0304709 0.0196693 
0.0190695 0.0196693 0.0227847 
0.0377307 0.00374249 0.0204828 
0.00374249 0.0272057 0.0185121 
0.0204828 0.0185121 0.022823 
0.0384686 0.0051371 0.0218029 
0.0051371 0.024544 0.017615 
0.0218029 0.017615 0.0229746 
0.0392687 0.00634833 0.0230249 
0.00634833 0.0223853 0.016929 
0.0230249 0.016929 0.0232063 
0.0400953 0.00739841 0.0241473 
0.00739841 0.0206415 0.0164121 
0.0241473 0.0164121 0.0234904 
0.0409208 0.00830772 0.0251713 
0.00830772 0.0192369 0.0160287 
0.0251713 0.0160287 0.0238053 
0.041725 0.00909454 0.0260999 
0.00909454 0.0181079 0.0157495 
0.0260999 0.0157495 0.0241341 
0.0424933 0.009775 0.0269374 
0.009775 0.0172014 0.0155507 
0.0269374 0.0155507 0.0244641 
0.043216 0.0103631 0.0276892 
0.0103631 0.0164743 0.0154132 
0.0276892 0.0154132 0.0247861 
0.0438869 0.0108711 0.0283606 
0.0108711 0.0158911 0.0153217 
0.0283606 0.0153217 0.0250935 
0.0445027 0.0113093 0.0289573 
0.0113093 0.0154236 0.0152645 
0.0289573 0.0152645 0.0253819 
0.0450618 0.0116867 0.0294848 
0.0116867 0.0150489 0.0152321 
0.0294848 0.0152321 0.0256483 
0.0455643 0.0120106 0.0299484 
0.0120106 0.0147487 0.0152175 
0.0299484 0.0152175 0.0258912 
0.046011 0.0122875 0.0303527 
0.0122875 0.0145086 0.015215 
0.0303527 0.015215 0.0261095 
0.0464033 0.0125227 0.0307023 
0.0125227 0.014317 0.0152204 
0.0307023 0.0152204 0.026303 
0.0467429 0.0127207 0.0310009 
0.0127207 0.0141648 0.0152305 
0.0310009 0.0152305 0.0264718 
