4  11
0.0773499  0.091336  0.0956148  0.0893868  0.107722  0.0629074  0.0924998  0.0945408  0.135176  0.070462  0.0830044  
5.02822  -0.351935  1.01711  4.26612  
15.2427  0.00659847  -0.0143551  -0.103074  
25.7033  0.425168  0.282897  0.137607  
36.6563  0.128654  1.29665  -1.2283  
48.0277  -0.414391  0.572288  0.139618  
58.2867  0.572076  -1.29589  0.287617  
67.3643  -0.361306  -2.66716  0.741785  
78.1687  -0.87079  -1.42143  -0.597835  
91.5813  -0.0873511  -0.410837  -0.323922  
103.582  -0.0379192  -0.22032  -0.17325  
112.582  0.0226482  -0.131721  -0.138577  
6.77276  0.450775  -1.29523  -5.49051  
0.450775  0.173028  0.150337  -0.388261  
-1.29523  0.150337  0.750051  1.01982  
-5.49051  -0.388261  1.01982  4.48103  
12.9112  0.104805  -0.169637  -0.712278  
0.104805  0.00276694  -0.000927818  -0.00912014  
-0.169637  -0.000927818  0.0158242  0.0310116  
-0.712278  -0.00912014  0.0310116  0.102094  
16.3567  1.68598  0.734671  -0.0500396  
1.68598  0.681793  0.101168  -0.195739  
0.734671  0.101168  0.574694  0.0909742  
-0.0500396  -0.195739  0.0909742  0.181512  
13.9458  -3.26732  -0.653761  1.22856  
-3.26732  2.15728  0.747458  -0.661907  
-0.653761  0.747458  1.08888  -0.343793  
1.22856  -0.661907  -0.343793  0.616702  
16.0869  -0.212508  -1.54106  -0.176264  
-0.212508  0.164081  -0.0194242  -0.0426349  
-1.54106  -0.0194242  0.307832  0.0271321  
-0.176264  -0.0426349  0.0271321  0.156576  
5.99334  1.27889  -2.55165  -0.928638  
1.27889  0.677089  -0.85279  -0.368963  
-2.55165  -0.85279  1.8752  0.510321  
-0.928638  -0.368963  0.510321  0.350133  
13.7631  -4.04087  -0.244748  0.00681489  
-4.04087  1.43152  0.0200479  -0.0987792  
-0.244748  0.0200479  0.341432  -0.145588  
0.00681489  -0.0987792  -0.145588  0.228936  
14.5215  1.47716  1.3922  -1.03466  
1.47716  0.197872  0.15807  -0.164391  
1.3922  0.15807  0.235245  -0.116309  
-1.03466  -0.164391  -0.116309  0.188948  
24.4486  0.39398  0.586216  0.464699  
0.39398  0.0188393  0.0177927  0.0122167  
0.586216  0.0177927  0.0382154  0.0268789  
0.464699  0.0122167  0.0268789  0.0410692  
7.19538  0.0612366  -0.153257  -0.0973071  
0.0612366  0.00742804  0.00184966  0.00193531  
-0.153257  0.00184966  0.0248196  0.00477164  
-0.0973071  0.00193531  0.00477164  0.00714615  
8.36545  -0.0625573  -0.177074  -0.150028  
-0.0625573  0.00761602  0.00755291  0.00332461  
-0.177074  0.00755291  0.0228902  0.0039085  
-0.150028  0.00332461  0.0039085  0.0237286  
