3,3,80
0.013045 -0.0145568 -0.00120296 
-0.0145568 0.0679018 0.00124146 
-0.00120296 0.00124146 0.0281519 
0.0130427 -0.0145542 -0.00120274 
-0.0145542 0.0678897 0.00124124 
-0.00120274 0.00124124 0.0281469 
0.0130354 -0.0145461 -0.00120207 
-0.0145461 0.0678519 0.00124054 
-0.00120207 0.00124054 0.0281313 
0.0130121 -0.0145201 -0.00119993 
-0.0145201 0.0677307 0.00123832 
-0.00119993 0.00123832 0.0280811 
0.0129369 -0.0144357 -0.00119304 
-0.0144357 0.0673371 0.00123104 
-0.00119304 0.00123104 0.0279191 
0.0126966 -0.0141629 -0.00117132 
-0.0141629 0.0660636 0.00120681 
-0.00117132 0.00120681 0.0274029 
0.0119941 -0.0133291 -0.00111124 
-0.0133291 0.0621658 0.00112551 
-0.00111124 0.00112551 0.0259134 
0.0106318 -0.0113355 -0.00103031 
-0.0113355 0.0527875 0.000858766 
-0.00103031 0.000858766 0.0232257 
0.011945 -0.00977544 -0.00143709 
-0.00977544 0.0450038 0.000107445 
-0.00143709 0.000107445 0.0276718 
0.0240596 -0.0147838 -0.00335779 
-0.0147838 0.0669431 -0.00120469 
-0.00335779 -0.00120469 0.0583494 
0.038996 -0.0228484 -0.0055474 
-0.0228484 0.10313 -0.00227586 
-0.0055474 -0.00227586 0.0951631 
0.0460794 -0.0268888 -0.00656524 
-0.0268888 0.121354 -0.00272344 
-0.00656524 -0.00272344 0.112498 
0.0477342 -0.027834 -0.00680242 
-0.027834 0.125672 -0.00283378 
-0.00680242 -0.00283378 0.116521 
0.046978 -0.0273546 -0.00669669 
-0.0273546 0.123676 -0.00281998 
-0.00669669 -0.00281998 0.114611 
0.0445148 -0.0257941 -0.00635217 
-0.0257941 0.117183 -0.00277509 
-0.00635217 -0.00277509 0.10839 
0.0398326 -0.0226285 -0.00570774 
-0.0226285 0.104827 -0.00285267 
-0.00570774 -0.00285267 0.0962298 
0.032432 -0.0167915 -0.00473283 
-0.0167915 0.0852439 -0.00365567 
-0.00473283 -0.00365567 0.0756102 
0.0245157 -0.00761555 -0.0038436 
-0.00761556 0.0641025 -0.00690848 
-0.0038436 -0.00690848 0.0486312 
0.0224239 0.00305925 -0.00404085 
0.00305924 0.0579731 -0.0145035 
-0.00404085 -0.0145034 0.0276528 
0.0277567 0.0113325 -0.00539711 
0.0113324 0.0712628 -0.0241128 
-0.00539711 -0.0241127 0.021562 
0.0337458 0.0156744 -0.00666085 
0.0156744 0.0865121 -0.0308635 
-0.00666085 -0.0308634 0.0230292 
0.0367257 0.0173223 -0.00726209 
0.0173222 0.094124 -0.0338014 
-0.00726209 -0.0338014 0.0246152 
0.037395 0.0176604 -0.00739278 
0.0176604 0.0957998 -0.0344254 
-0.00739278 -0.0344254 0.0250079 
0.0367726 0.0173495 -0.0072588 
0.0173495 0.0940713 -0.0338021 
-0.0072588 -0.033802 0.0245555 
0.0352186 0.0165529 -0.00691571 
0.0165529 0.0896563 -0.0322017 
-0.00691571 -0.0322017 0.0234119 
0.0328046 0.015226 -0.00633175 
0.015226 0.0821814 -0.0294741 
-0.00633175 -0.0294741 0.0214878 
0.0298486 0.013333 -0.00546338 
0.013333 0.0711741 -0.0254085 
-0.00546338 -0.0254084 0.0186863 
0.0274259 0.0110471 -0.00433194 
0.0110471 0.0570762 -0.0200894 
-0.00433194 -0.0200894 0.0151708 
0.0274033 0.00885197 -0.00307886 
0.00885196 0.0419171 -0.0141582 
-0.00307886 -0.0141582 0.0115281 
0.031389 0.00734449 -0.00192912 
0.00734449 0.0286923 -0.00865526 
-0.00192912 -0.00865525 0.00856359 
0.0392531 0.0068177 -0.00105958 
0.0068177 0.0195189 -0.00441988 
-0.00105958 -0.00441988 0.00677875 
0.0490304 0.00708592 -0.000506268 
0.00708592 0.0144978 -0.00165275 
-0.000506268 -0.00165274 0.00609317 
0.0583087 0.0077174 -0.000197595 
0.0077174 0.0123591 -5.48663e-05 
-0.000197595 -5.48653e-05 0.00607317 
0.0652781 0.00829896 -3.51218e-05 
0.00829896 0.0116679 0.000785575 
-3.51218e-05 0.000785576 0.00627577 
0.0686122 0.00839997 8.29777e-05 
0.00839997 0.011422 0.00114257 
8.29777e-05 0.00114257 0.00637632 
0.0674022 0.00700038 0.000388982 
0.00700038 0.011339 0.00099658 
0.000388982 0.00099658 0.00618022 
0.0646254 0.000740274 0.00175957 
0.000740275 0.013169 -0.000338618 
0.00175957 -0.000338617 0.00592035 
0.0759746 -0.0181592 0.00646596 
-0.0181592 0.023258 -0.00470469 
0.00646596 -0.00470469 0.00704705 
0.122129 -0.0552236 0.0164057 
-0.0552235 0.0481115 -0.0134888 
0.0164057 -0.0134888 0.0114667 
0.191633 -0.0994818 0.0287045 
-0.0994818 0.08079 -0.0240912 
0.0287045 -0.0240912 0.0180636 
0.25099 -0.133908 0.0384289 
-0.133908 0.107309 -0.0323788 
0.0384289 -0.0323787 0.0236794 
0.286444 -0.153665 0.0440496 
-0.153665 0.122822 -0.0371492 
0.0440496 -0.0371492 0.0270305 
0.301758 -0.162048 0.0464356 
-0.162048 0.129486 -0.0391913 
0.0464356 -0.0391913 0.0284825 
0.302094 -0.162176 0.0464456 
-0.162176 0.129719 -0.039293 
0.0464456 -0.039293 0.0285367 
0.288098 -0.154289 0.0440878 
-0.154289 0.123998 -0.0376692 
0.0440878 -0.0376692 0.0273042 
0.256589 -0.135883 0.0384323 
-0.135883 0.111581 -0.0343291 
0.0384323 -0.0343291 0.0246773 
0.208427 -0.104727 0.0281455 
-0.104727 0.0948469 -0.0307556 
0.0281455 -0.0307556 0.0213685 
0.166669 -0.0674371 0.0136383 
-0.067437 0.0879931 -0.0328757 
0.0136383 -0.0328757 0.0209058 
0.171461 -0.0422522 -0.000719406 
-0.0422522 0.110729 -0.0475958 
-0.000719408 -0.0475958 0.0278578 
0.219309 -0.0368115 -0.0102906 
-0.0368115 0.154466 -0.0696288 
-0.0102906 -0.0696288 0.0396665 
0.265911 -0.0400702 -0.0149588 
-0.0400702 0.190689 -0.0867416 
-0.0149588 -0.0867416 0.0491636 
0.291341 -0.0431042 -0.0168234 
-0.0431042 0.20952 -0.0954419 
-0.0168234 -0.0954419 0.054052 
0.300374 -0.044324 -0.0174085 
-0.044324 0.216104 -0.0984593 
-0.0174085 -0.0984593 0.0557549 
0.300239 -0.0442868 -0.0174101 
-0.0442868 0.216022 -0.0984212 
-0.0174101 -0.0984212 0.0557328 
0.294193 -0.0433868 -0.0170638 
-0.0433868 0.211683 -0.0964363 
-0.0170638 -0.0964363 0.0546096 
0.282209 -0.0416025 -0.0163777 
-0.0416025 0.203087 -0.0924978 
-0.0163777 -0.0924978 0.0523816 
0.262109 -0.0385941 -0.0152354 
-0.0385941 0.188697 -0.0858817 
-0.0152354 -0.0858817 0.0486412 
0.230551 -0.0338241 -0.013467 
-0.0338241 0.16619 -0.0754643 
-0.013467 -0.0754643 0.0427584 
0.18527 -0.0268576 -0.0109956 
-0.0268576 0.134127 -0.0604356 
-0.0109956 -0.0604356 0.0342896 
0.129748 -0.0180361 -0.00811733 
-0.0180361 0.0953786 -0.0418178 
-0.00811733 -0.0418178 0.0238404 
0.0766309 -0.00908222 -0.00564634 
-0.00908222 0.0594295 -0.0236422 
-0.00564634 -0.0236422 0.0137192 
0.040393 -0.00226465 -0.00435491 
-0.00226465 0.0366125 -0.0107117 
-0.00435491 -0.0107117 0.00663259 
0.0238583 0.00155649 -0.0041694 
0.00155649 0.0281905 -0.00423231 
-0.0041694 -0.00423231 0.00320047 
0.0191365 0.00317952 -0.00443144 
0.00317952 0.0276859 -0.00187696 
-0.00443144 -0.00187696 0.0020471 
0.018575 0.00369242 -0.00467027 
0.00369242 0.0293554 -0.00119158 
-0.00467027 -0.00119158 0.00177066 
0.0187842 0.00374139 -0.0047654 
0.00374139 0.0309431 -0.000984974 
-0.0047654 -0.000984974 0.00171461 
0.0189029 0.00360613 -0.00474857 
0.00360613 0.0320921 -0.000878773 
-0.00474857 -0.000878773 0.00168625 
0.0188622 0.003396 -0.00466947 
0.003396 0.0329441 -0.000784427 
-0.00466947 -0.000784427 0.00165022 
0.0187289 0.00315427 -0.00456094 
0.00315427 0.0336566 -0.00068738 
-0.00456094 -0.00068738 0.00160647 
0.0185574 0.00289907 -0.00444042 
0.00289907 0.0343229 -0.000587339 
-0.00444042 -0.000587339 0.00155886 
0.0183775 0.00263871 -0.0043165 
0.00263871 0.0349888 -0.000485662 
-0.0043165 -0.000485662 0.00151007 
0.018204 0.00237754 -0.00419349 
0.00237754 0.0356744 -0.000383472 
-0.00419349 -0.000383472 0.00146157 
0.0180445 0.00211832 -0.00407375 
0.00211832 0.0363869 -0.000281629 
-0.00407375 -0.000281629 0.00141421 
0.0179034 0.0018631 -0.00395879 
0.0018631 0.0371284 -0.00018084 
-0.00395879 -0.00018084 0.00136855 
0.0177831 0.00161363 -0.00384969 
0.00161363 0.0378978 -8.17367e-05 
-0.00384969 -8.17367e-05 0.00132501 
0.0176855 0.00137143 -0.00374732 
0.00137143 0.038693 1.51079e-05 
-0.00374732 1.51079e-05 0.00128392 
0.0176118 0.00113785 -0.00365234 
0.00113785 0.0395113 0.000109175 
-0.00365234 0.000109175 0.00124553 
0.0175625 0.000914059 -0.00356531 
0.000914059 0.0403492 0.000200002 
-0.00356531 0.000200002 0.00121007 
0.0175379 0.000701049 -0.0034866 
0.000701049 0.0412031 0.000287189 
-0.0034866 0.000287189 0.00117769 
0.0175378 0.000499611 -0.00341643 
0.000499611 0.0420688 0.0003704 
-0.00341643 0.0003704 0.00114848 
