4  8
0.112351  0.111505  0.149261  0.103553  0.120591  0.154518  0.0630936  0.185128  
4.99701  -0.347646  0.795888  3.23409  
14.0789  -0.728458  2.63507  7.37191  
24.9043  -1.28618  4.88589  5.85812  
33.6563  -1.67796  6.65116  5.1726  
43.5646  -0.498148  6.2564  5.28915  
54.5122  2.99909  3.15746  6.52521  
69.3094  4.02067  0.753613  7.01623  
70.8518  3.13809  0.884309  7.29924  
6.67518  -0.636156  1.47529  5.62354  
-0.636156  0.0736728  -0.155155  -0.537136  
1.47529  -0.155155  0.393962  1.2441  
5.62354  -0.537136  1.2441  4.76574  
7.64085  0.0319789  1.36637  0.00622252  
0.0319789  0.0510737  -0.0240071  -0.00723206  
1.36637  -0.0240071  0.37845  -0.00189265  
0.00622252  -0.00723206  -0.00189265  0.12439  
19.4425  -1.65335  4.12405  -2.17215  
-1.65335  0.179724  -0.332214  0.176976  
4.12405  -0.332214  0.975061  -0.496788  
-2.17215  0.176976  -0.496788  0.26885  
14.1241  -1.47755  1.49026  -0.506292  
-1.47755  0.241562  -0.145091  0.0530747  
1.49026  -0.145091  0.170758  -0.0515756  
-0.506292  0.0530747  -0.0515756  0.0260279  
9.84177  3.19386  -1.77183  0.521069  
3.19386  1.36945  -0.753907  0.220372  
-1.77183  -0.753907  0.461865  -0.13705  
0.521069  0.220372  -0.13705  0.0590081  
16.3113  2.2647  -3.46544  1.45298  
2.2647  0.630851  -0.527824  0.183388  
-3.46544  -0.527824  0.963911  -0.412423  
1.45298  0.183388  -0.412423  0.188166  
32.4021  0.485632  -2.51181  -0.081128  
0.485632  0.109737  0.0151235  -0.0385331  
-2.51181  0.0151235  0.226155  -0.0121407  
-0.081128  -0.0385331  -0.0121407  0.0141387  
35.3374  -0.151486  -2.06487  0.169936  
-0.151486  0.0218047  0.00747261  -0.00415958  
-2.06487  0.00747261  0.179924  -0.00866435  
0.169936  -0.00415958  -0.00866435  0.00191533  
