3,3,80
0.0130449 -0.0145567 -0.00120272 
-0.0145567 0.0679012 0.0012411 
-0.00120272 0.00124098 0.0281467 
0.0130425 -0.0145541 -0.0012025 
-0.0145541 0.0678891 0.00124088 
-0.0012025 0.00124076 0.0281417 
0.0130353 -0.014546 -0.00120184 
-0.014546 0.0678513 0.00124019 
-0.00120184 0.00124007 0.028126 
0.013012 -0.01452 -0.0011997 
-0.01452 0.0677301 0.00123796 
-0.0011997 0.00123784 0.0280759 
0.0129369 -0.0144357 -0.0011928 
-0.0144357 0.0673367 0.00123069 
-0.0011928 0.00123057 0.0279139 
0.0126965 -0.0141628 -0.00117109 
-0.0141629 0.0660632 0.00120647 
-0.00117109 0.00120636 0.0273979 
0.011994 -0.013329 -0.00111101 
-0.013329 0.0621653 0.0011252 
-0.00111101 0.00112509 0.0259086 
0.0106315 -0.0113354 -0.00102995 
-0.0113354 0.0527868 0.000858616 
-0.00102995 0.000858527 0.0232212 
0.0119442 -0.00977596 -0.00143583 
-0.00977596 0.0450055 0.000108104 
-0.00143583 0.000108056 0.0276677 
0.0240568 -0.0147862 -0.00335375 
-0.0147862 0.0669524 -0.00120184 
-0.00335375 -0.00120186 0.058342 
0.0389895 -0.0228517 -0.00554025 
-0.0228517 0.103142 -0.00227077 
-0.00554025 -0.00227077 0.0951467 
0.0460703 -0.026892 -0.00655656 
-0.026892 0.121364 -0.0027173 
-0.00655656 -0.00271731 0.112475 
0.0477237 -0.0278365 -0.00679326 
-0.0278365 0.125681 -0.00282739 
-0.00679326 -0.00282739 0.116494 
0.0469661 -0.0273561 -0.00668747 
-0.0273561 0.12368 -0.00281367 
-0.00668747 -0.00281367 0.114582 
0.0445009 -0.0257937 -0.0063431 
-0.0257937 0.11718 -0.00276922 
-0.0063431 -0.00276922 0.108355 
0.039816 -0.0226245 -0.00569912 
-0.0226245 0.104813 -0.00284807 
-0.00569912 -0.00284807 0.0961864 
0.0324143 -0.0167818 -0.00472556 
-0.0167818 0.0852188 -0.00365467 
-0.00472556 -0.00365467 0.0755584 
0.0245056 -0.00759969 -0.00383952 
-0.00759969 0.0640851 -0.00691559 
-0.00383952 -0.0069156 0.0485843 
0.022432 0.00307718 -0.00404109 
0.00307718 0.0579893 -0.0145203 
-0.00404109 -0.0145203 0.0276329 
0.0277767 0.0113476 -0.00539937 
0.0113476 0.0712997 -0.0241319 
-0.00539936 -0.024132 0.0215662 
0.0337659 0.0156864 -0.00666268 
0.0156864 0.0865442 -0.0308789 
-0.00666267 -0.030879 0.0230399 
0.0367434 0.0173325 -0.00726325 
0.0173325 0.094148 -0.0338137 
-0.00726324 -0.0338138 0.0246255 
0.0374117 0.0176701 -0.00739369 
0.0176701 0.0958207 -0.0344367 
-0.00739367 -0.0344367 0.0250176 
0.0367892 0.0173592 -0.00725974 
0.0173592 0.0940927 -0.0338134 
-0.00725972 -0.0338134 0.0245653 
0.0352351 0.0165625 -0.00691677 
0.0165625 0.0896792 -0.0322134 
-0.00691675 -0.0322134 0.0234219 
0.0328203 0.0152351 -0.0063328 
0.0152351 0.082205 -0.0294859 
-0.00633279 -0.0294859 0.0214976 
0.0298619 0.0133407 -0.00546402 
0.0133407 0.0711952 -0.025419 
-0.00546401 -0.025419 0.018695 
0.0274361 0.0110522 -0.00433143 
0.0110522 0.0570904 -0.0200971 
-0.00433142 -0.0200972 0.0151772 
0.0274124 0.00885361 -0.00307632 
0.00885361 0.0419218 -0.0141621 
-0.00307631 -0.0141621 0.0115318 
0.031402 0.00734298 -0.00192386 
0.00734298 0.0286893 -0.00865593 
-0.00192386 -0.00865594 0.00856545 
0.0392747 0.00681399 -0.0010514 
0.00681399 0.0195132 -0.00441927 
-0.0010514 -0.00441927 0.00678045 
0.0490613 0.00708082 -0.000495392 
0.00708082 0.0144932 -0.00165255 
-0.000495391 -0.00165255 0.00609588 
0.0583466 0.00771134 -0.000184529 
0.00771134 0.0123571 -5.58223e-05 
-0.000184529 -5.58233e-05 0.00607715 
0.0653208 0.00829248 -2.05696e-05 
0.00829248 0.0116683 0.000783557 
-2.05694e-05 0.000783556 0.00628083 
0.0686604 0.00839481 9.792e-05 
0.00839481 0.0114241 0.00114013 
9.79201e-05 0.00114013 0.00638231 
0.0674547 0.00700259 0.000401858 
0.00700259 0.0113406 0.000995228 
0.000401859 0.000995227 0.00618686 
0.0646561 0.000767132 0.00176434 
0.000767132 0.0131596 -0.000335442 
0.00176434 -0.000335442 0.00592555 
0.0759133 -0.0180834 0.00645436 
-0.0180834 0.0232181 -0.00469391 
0.00645436 -0.00469391 0.0070462 
0.12196 -0.0551167 0.0163828 
-0.0551167 0.0480519 -0.0134794 
0.0163828 -0.0134794 0.0114619 
0.191472 -0.0994118 0.0286915 
-0.0994118 0.0807648 -0.024102 
0.0286915 -0.024102 0.0180676 
0.250922 -0.133908 0.0384367 
-0.133908 0.107346 -0.0324156 
0.0384367 -0.0324156 0.0236987 
0.286466 -0.153723 0.0440746 
-0.153723 0.122909 -0.0372053 
0.0440746 -0.0372053 0.0270621 
0.301847 -0.162145 0.0464723 
-0.162145 0.129606 -0.039259 
0.0464723 -0.039259 0.0285219 
0.302241 -0.162306 0.0464917 
-0.162306 0.129863 -0.039368 
0.0464917 -0.039368 0.0285814 
0.288315 -0.154457 0.0441451 
-0.154457 0.124166 -0.037749 
0.0441451 -0.037749 0.0273534 
0.256885 -0.136098 0.0385048 
-0.136098 0.111766 -0.0344075 
0.0385048 -0.0344075 0.024728 
0.20874 -0.104971 0.0282325 
-0.104971 0.0950015 -0.0308097 
0.0282325 -0.0308097 0.021408 
0.16679 -0.0676229 0.0137216 
-0.0676229 0.0880051 -0.032862 
0.0137216 -0.032862 0.0209069 
0.171245 -0.0422864 -0.0006705 
-0.0422864 0.110557 -0.047508 
-0.000670494 -0.047508 0.0278139 
0.218941 -0.0367267 -0.0102845 
-0.0367267 0.154254 -0.0695348 
-0.0102845 -0.0695348 0.0396159 
0.265596 -0.0399468 -0.0149805 
-0.0399469 0.190552 -0.0866883 
-0.0149805 -0.0866884 0.049135 
0.29111 -0.0429777 -0.0168582 
-0.0429777 0.209458 -0.0954248 
-0.0168582 -0.0954248 0.0540437 
0.300197 -0.0442012 -0.0174486 
-0.0442012 0.216085 -0.0984621 
-0.0174485 -0.0984622 0.0557577 
0.300092 -0.0441683 -0.017452 
-0.0441683 0.216025 -0.0984341 
-0.017452 -0.0984341 0.0557414 
0.294069 -0.0432736 -0.017106 
-0.0432736 0.2117 -0.0964554 
-0.017106 -0.0964554 0.0546217 
0.28211 -0.0414967 -0.0164194 
-0.0414968 0.203118 -0.0925228 
-0.0164194 -0.0925229 0.052397 
0.262044 -0.0384993 -0.0152758 
-0.0384993 0.188744 -0.0859138 
-0.0152758 -0.0859138 0.0486604 
0.230529 -0.0337447 -0.0135049 
-0.0337448 0.166253 -0.0755041 
-0.0135049 -0.0755041 0.0427818 
0.185291 -0.0267965 -0.0110291 
-0.0267966 0.134199 -0.0604808 
-0.0110291 -0.0604809 0.0343158 
0.129797 -0.0179911 -0.00814482 
-0.0179911 0.0954375 -0.0418616 
-0.00814482 -0.0418616 0.0238653 
0.0766831 -0.00904379 -0.00566797 
-0.00904379 0.0594502 -0.0236766 
-0.00566796 -0.0236766 0.0137381 
0.0404348 -0.00222198 -0.00437363 
-0.00222198 0.0365884 -0.0107358 
-0.00437362 -0.0107358 0.00664486 
0.0238945 0.0016077 -0.00418815 
0.0016077 0.0281371 -0.00425131 
-0.00418815 -0.00425131 0.00320935 
0.019172 0.00323705 -0.0044507 
0.00323705 0.0276204 -0.00189506 
-0.0044507 -0.00189506 0.00205503 
0.018609 0.00375233 -0.00468895 
0.00375233 0.029287 -0.00120958 
-0.00468895 -0.00120958 0.00177819 
0.0188146 0.00380075 -0.00478248 
0.00380075 0.0308757 -0.00100241 
-0.00478248 -0.00100241 0.00172155 
0.0189284 0.0036634 -0.0047635 
0.0036634 0.0320276 -0.000895226 
-0.0047635 -0.000895226 0.00169241 
0.0188824 0.00345058 -0.00468209 
0.00345058 0.0328833 -0.000799704 
-0.00468209 -0.000799704 0.00165553 
0.0187441 0.00320602 -0.00457127 
0.00320603 0.0335999 -0.00070145 
-0.00457127 -0.00070145 0.00161093 
0.0185677 0.00294812 -0.00444857 
0.00294812 0.0342705 -0.000600242 
-0.00444857 -0.000600242 0.00156252 
0.0183833 0.00268527 -0.00432261 
0.00268527 0.0349408 -0.000497472 
-0.00432261 -0.000497472 0.00151296 
0.0182058 0.00242187 -0.00419771 
0.00242187 0.0356306 -0.00039428 
-0.00419771 -0.00039428 0.00146377 
0.0180427 0.0021607 -0.00407626 
0.0021607 0.0363475 -0.00029153 
-0.00407626 -0.00029153 0.00141578 
0.0178983 0.00190382 -0.00395975 
0.00190382 0.0370931 -0.000189934 
-0.00395975 -0.000189934 0.00136955 
0.0177753 0.00165296 -0.00384926 
0.00165296 0.0378665 -9.0122e-05 
-0.00384926 -9.0122e-05 0.0013255 
0.0176752 0.00140966 -0.00374566 
0.00140966 0.0386657 7.33323e-06 
-0.00374566 7.33323e-06 0.00128396 
0.0175994 0.00117524 -0.00364962 
0.00117524 0.0394877 0.000101915 
-0.00364962 0.000101915 0.00124519 
0.0175483 0.000950872 -0.00356167 
0.000950873 0.040329 0.000193164 
-0.00356167 0.000193164 0.0012094 
0.0175223 0.000737522 -0.00348218 
0.000737522 0.0411861 0.000280685 
-0.00348218 0.000280685 0.00117674 
0.017521 0.000535965 -0.00341136 
0.000535965 0.0420547 0.000364148 
-0.00341136 0.000364148 0.0011473 
