4  11
0.0927276  0.0819127  0.0781886  0.103682  0.0917779  0.0766469  0.145032  0.0513165  0.0907652  0.108253  0.0796967  
4.33416  -0.616805  1.32979  5.03059  
11.1739  0.258986  0.892245  -0.0810309  
17.6224  -0.457079  1.10837  -1.21323  
24.8233  -0.257196  1.11855  -0.35698  
32.731  -0.437862  0.597396  -0.0986149  
39.8024  1.80831  -0.972455  0.118219  
48.4018  1.49975  -1.63681  0.695171  
55.7361  0.153229  -0.781844  0.368644  
62.2569  -0.169243  -0.523012  0.00904138  
69.8818  0.00656539  -0.193333  0.0241992  
76.299  -0.0381892  -0.264373  0.0199784  
5.45856  0.219107  -0.671534  -4.50244  
0.219107  0.0714657  -0.0755863  -0.213083  
-0.671534  -0.0755863  0.337851  0.536628  
-4.50244  -0.213083  0.536628  3.84853  
5.19472  0.0545495  -0.142158  -2.39363  
0.0545495  0.0952589  -0.0891878  -0.0459779  
-0.142158  -0.0891878  0.816992  0.12777  
-2.39363  -0.0459779  0.12777  1.23097  
4.82542  -0.347743  0.13825  0.445127  
-0.347743  0.0430074  -0.0129683  -0.057974  
0.13825  -0.0129683  0.394125  0.0538341  
0.445127  -0.057974  0.0538341  0.140678  
7.12967  0.237017  -0.321113  0.353324  
0.237017  0.0305879  -0.0185362  0.0125108  
-0.321113  -0.0185362  0.189523  -0.0580647  
0.353324  0.0125108  -0.0580647  0.0522817  
5.7955  0.0660921  -0.303542  0.735188  
0.0660921  0.121415  -0.086184  0.00375639  
-0.303542  -0.086184  0.122493  -0.0788022  
0.735188  0.00375639  -0.0788022  0.193596  
7.11207  1.78163  -0.542805  0.47799  
1.78163  0.695016  -0.227584  0.12901  
-0.542805  -0.227584  0.133209  -0.0261398  
0.47799  0.12901  -0.0261398  0.0594792  
18.4299  -3.30557  0.0166718  -0.149043  
-3.30557  0.834259  -0.0453566  0.0378159  
0.0166718  -0.0453566  0.0678524  -0.00989604  
-0.149043  0.0378159  -0.00989604  0.0288656  
8.03964  -0.613933  0.548208  -0.0509495  
-0.613933  0.126257  -0.0709486  -0.00376064  
0.548208  -0.0709486  0.0920211  0.0252764  
-0.0509495  -0.00376064  0.0252764  0.0317902  
11.8204  0.244142  0.0659852  -0.0925612  
0.244142  0.00987733  -0.00272489  -0.00450123  
0.0659852  -0.00272489  0.0217467  -0.00393919  
-0.0925612  -0.00450123  -0.00393919  0.00970028  
18.6872  0.379911  0.0050096  -0.0907625  
0.379911  0.0256493  0.00122663  -0.00175049  
0.0050096  0.00122663  0.00267284  0.00044149  
-0.0907625  -0.00175049  0.00044149  0.00705609  
8.87785  0.123529  0.196252  -0.159976  
0.123529  0.00697711  0.0035897  -0.000886542  
0.196252  0.0035897  0.0110594  -0.000595411  
-0.159976  -0.000886542  -0.000595411  0.00582291  
