3,3,80
0.0626559 -0.0486194 -0.0323475 
-0.0486194 0.255176 -0.0172763 
-0.0323475 -0.0172763 0.134704 
0.0626141 -0.048587 -0.0323259 
-0.048587 0.255006 -0.0172647 
-0.0323258 -0.0172647 0.134614 
0.0624563 -0.0484646 -0.0322443 
-0.0484646 0.254364 -0.017221 
-0.0322443 -0.017221 0.134275 
0.0618731 -0.0480126 -0.0319422 
-0.0480126 0.252006 -0.0170568 
-0.0319421 -0.0170568 0.133018 
0.0598135 -0.0464216 -0.0308645 
-0.0464216 0.243836 -0.0164437 
-0.0308645 -0.0164437 0.128551 
0.0534969 -0.0416068 -0.0274325 
-0.0416068 0.220717 -0.0141633 
-0.0274325 -0.0141633 0.114511 
0.0414036 -0.0329821 -0.0196915 
-0.0329821 0.194294 -0.00610897 
-0.0196915 -0.00610897 0.0844778 
0.0408831 -0.0358767 -0.0129185 
-0.0358767 0.29133 0.0145344 
-0.0129185 0.0145344 0.0658391 
0.0641132 -0.0590339 -0.0147932 
-0.0590339 0.540189 0.0400194 
-0.0147932 0.0400194 0.0885271 
0.0830426 -0.0768737 -0.018352 
-0.0768737 0.712012 0.0543848 
-0.018352 0.0543848 0.112486 
0.0893657 -0.0827619 -0.0196803 
-0.0827619 0.767337 0.0587533 
-0.0196803 0.0587533 0.120867 
0.0866676 -0.0802475 -0.0191104 
-0.0802475 0.744576 0.0570369 
-0.0191104 0.0570369 0.117305 
0.0717958 -0.0662652 -0.0161729 
-0.0662652 0.620496 0.0477073 
-0.0161729 0.0477073 0.0983497 
0.0416812 -0.036897 -0.0119247 
-0.036897 0.387503 0.0310793 
-0.0119247 0.0310793 0.0658023 
0.0184885 -0.0111172 -0.013748 
-0.0111172 0.262868 0.0250708 
-0.013748 0.0250708 0.0582296 
0.0150712 -0.00360732 -0.0199967 
-0.00360732 0.308829 0.0321626 
-0.0199967 0.0321626 0.0776463 
0.0162483 -0.00282383 -0.0232699 
-0.00282383 0.351366 0.0369486 
-0.0232699 0.0369486 0.0895911 
0.0162083 -0.00272794 -0.0233183 
-0.00272794 0.351696 0.0369298 
-0.0233183 0.0369298 0.0897667 
0.0144146 -0.00246172 -0.0203964 
-0.00246172 0.309546 0.031868 
-0.0203964 0.031868 0.0789115 
0.0111061 -0.00217029 -0.0134525 
-0.00217029 0.217001 0.0182012 
-0.0134525 0.0182012 0.0546417 
0.0106001 -0.00305035 -0.00475518 
-0.00305035 0.130293 -0.0053235 
-0.00475518 -0.0053235 0.0301466 
0.0158367 -0.00537773 -0.000328442 
-0.00537773 0.130273 -0.0269749 
-0.000328442 -0.0269749 0.0265956 
0.0203345 -0.00702956 0.00060616 
-0.00702956 0.157505 -0.0375217 
0.00060616 -0.0375217 0.0313512 
0.0220189 -0.00762166 0.000736848 
-0.00762166 0.169785 -0.0408554 
0.000736848 -0.0408554 0.0337289 
0.0223127 -0.00772518 0.000751401 
-0.00772519 0.171979 -0.0414091 
0.000751401 -0.0414091 0.0341629 
0.0217788 -0.00755755 0.000730024 
-0.00755755 0.167515 -0.0403417 
0.000730024 -0.0403417 0.0333092 
0.0201155 -0.00719055 0.000629674 
-0.00719055 0.150496 -0.0363184 
0.000629674 -0.0363184 0.0303322 
0.0197282 -0.00888669 0.000228106 
-0.0088867 0.110706 -0.0273913 
0.000228106 -0.0273913 0.0259664 
0.0359157 -0.0227056 -0.000970287 
-0.0227056 0.0702865 -0.0205938 
-0.000970287 -0.0205938 0.0338176 
0.0728222 -0.0495244 -0.00270751 
-0.0495244 0.0723927 -0.0261176 
-0.00270751 -0.0261176 0.0613802 
0.100729 -0.0690032 -0.00385126 
-0.0690032 0.0900501 -0.0338763 
-0.00385126 -0.0338763 0.083866 
0.111528 -0.0764464 -0.00427358 
-0.0764464 0.098631 -0.0372627 
-0.00427358 -0.0372627 0.0927316 
0.111719 -0.0765289 -0.00426915 
-0.0765289 0.0986066 -0.0372391 
-0.00426915 -0.0372391 0.0927571 
0.103306 -0.0703833 -0.00385658 
-0.0703833 0.09055 -0.0339798 
-0.00385658 -0.0339798 0.0849009 
0.0866618 -0.0566533 -0.00266604 
-0.0566533 0.0720878 -0.0256802 
-0.00266605 -0.0256802 0.0657923 
0.080373 -0.0425152 -8.53581e-05 
-0.0425152 0.0506163 -0.0119714 
-8.53592e-05 -0.0119714 0.0382473 
0.117126 -0.0467707 0.00348705 
-0.0467707 0.0491903 0.00046066 
0.00348705 0.00046066 0.0212983 
0.167105 -0.0619458 0.00609797 
-0.0619458 0.0625286 0.00617684 
0.00609797 0.00617684 0.0197117 
0.187737 -0.0687803 0.00700226 
-0.0687803 0.0691862 0.00754814 
0.00700226 0.00754814 0.020801 
0.181518 -0.0658704 0.00680923 
-0.0658704 0.0665419 0.00711809 
0.00680922 0.00711809 0.0200005 
0.15998 -0.0565386 0.00607009 
-0.0565386 0.0579496 0.00563548 
0.00607009 0.00563548 0.0176538 
0.134156 -0.0436604 0.0052586 
-0.0436604 0.0468831 0.00313017 
0.0052586 0.00313017 0.0148933 
0.122555 -0.0324554 0.00513705 
-0.0324554 0.0394386 -0.000300985 
0.00513705 -0.000300985 0.013783 
0.141711 -0.0290251 0.00632131 
-0.0290251 0.0417226 -0.00396525 
0.00632131 -0.00396525 0.0161406 
0.180338 -0.0327094 0.00823397 
-0.0327094 0.0511663 -0.0068445 
0.00823396 -0.0068445 0.0206414 
0.21236 -0.0374621 0.00974332 
-0.0374621 0.0597701 -0.00850869 
0.00974332 -0.00850869 0.0243318 
0.228331 -0.0401031 0.0104838 
-0.0401031 0.0641852 -0.00922312 
0.0104838 -0.00922312 0.0261664 
0.231689 -0.0406722 0.0106374 
-0.0406722 0.0651232 -0.00936398 
0.0106374 -0.00936398 0.0265548 
0.225448 -0.0395866 0.0103418 
-0.0395866 0.0633942 -0.00908692 
0.0103418 -0.00908692 0.0258577 
0.208754 -0.0367135 0.0095325 
-0.0367135 0.0588245 -0.00829092 
0.0095325 -0.00829092 0.0240293 
0.179618 -0.0318118 0.0080363 
-0.0318118 0.051089 -0.0066649 
0.0080363 -0.0066649 0.0210039 
0.140468 -0.0255267 0.00580102 
-0.0255267 0.0413388 -0.00384469 
0.00580102 -0.00384469 0.0173839 
0.100943 -0.0197398 0.00312785 
-0.0197398 0.0326911 0.000177134 
0.00312785 0.000177134 0.0145549 
0.0711967 -0.0160662 0.000607521 
-0.0160662 0.027656 0.00462654 
0.000607521 0.00462654 0.0134372 
0.0530873 -0.0142429 -0.00123699 
-0.0142429 0.0255404 0.0081547 
-0.00123699 0.0081547 0.0133858 
0.0414049 -0.0127312 -0.00218292 
-0.0127312 0.0236587 0.00957106 
-0.00218292 0.00957106 0.0129128 
0.0307449 -0.0103454 -0.00230879 
-0.0103454 0.0202192 0.00841497 
-0.00230879 0.00841497 0.0111136 
0.0197332 -0.00722003 -0.0019679 
-0.00722003 0.0159458 0.00530127 
-0.0019679 0.00530127 0.00847295 
0.0107285 -0.00456924 -0.00165061 
-0.00456924 0.0132315 0.00181082 
-0.00165061 0.00181082 0.00645237 
0.0057797 -0.00322687 -0.00160068 
-0.00322687 0.0130382 -0.000645247 
-0.00160068 -0.000645247 0.00582099 
0.00404513 -0.00283189 -0.00167789 
-0.00283189 0.0138268 -0.00180831 
-0.00167789 -0.00180831 0.0059463 
0.00366813 -0.00266619 -0.00167546 
-0.00266619 0.0138909 -0.00211871 
-0.00167546 -0.00211871 0.00596625 
0.00366708 -0.00236712 -0.00152208 
-0.00236712 0.0127146 -0.00198078 
-0.00152208 -0.00198078 0.00558321 
0.00391205 -0.00187197 -0.00123971 
-0.00187197 0.0105371 -0.00160595 
-0.00123971 -0.00160595 0.00490792 
0.00464294 -0.00123586 -0.000885138 
-0.00123586 0.00787619 -0.00111302 
-0.000885138 -0.00111302 0.00421426 
0.00612329 -0.000562683 -0.000531966 
-0.000562683 0.00536829 -0.000606129 
-0.000531966 -0.000606129 0.0038109 
0.00830963 2.98911e-05 -0.000249379 
2.98911e-05 0.00355291 -0.000181431 
-0.000249379 -0.000181431 0.00387239 
0.0106542 0.00045855 -6.9225e-05 
0.00045855 0.00258099 0.000107559 
-6.9225e-05 0.000107559 0.0042774 
0.0123051 0.000699692 2.29308e-05 
0.000699692 0.00219434 0.000265457 
2.29309e-05 0.000265457 0.00466469 
0.0125677 0.000772623 6.49853e-05 
0.000772623 0.00202763 0.000334729 
6.49854e-05 0.000334729 0.00468236 
0.0112903 0.0007208 9.79651e-05 
0.0007208 0.00189592 0.000378734 
9.79652e-05 0.000378734 0.004207 
0.00902471 0.00061132 0.000159852 
0.00061132 0.00186181 0.000475602 
0.000159852 0.000475602 0.00341847 
0.0067397 0.000518938 0.000273266 
0.000518938 0.0020825 0.000683831 
0.000273266 0.000683831 0.00266889 
0.00514627 0.000485206 0.00042939 
0.000485206 0.00258818 0.000993889 
0.00042939 0.000993889 0.00220572 
0.00434711 0.00050397 0.000596387 
0.00050397 0.00324348 0.00133899 
0.000596388 0.00133899 0.00204105 
0.00408483 0.000548026 0.000745317 
0.000548026 0.00388445 0.00165342 
0.000745317 0.00165342 0.00205867 
0.00408331 0.000595406 0.000863206 
0.000595406 0.00441768 0.00190537 
0.000863206 0.00190537 0.00214785 
0.00417235 0.000635626 0.000949665 
0.000635626 0.00482004 0.00209148 
0.000949665 0.00209148 0.00224618 
0.00427208 0.000665802 0.00100957 
0.000665802 0.00510361 0.002221 
0.00100957 0.002221 0.00232819 
0.00435178 0.00068629 0.00104844 
0.00068629 0.00528946 0.00230525 
0.00104844 0.00230525 0.00238687 
