4  8
0.0854763  0.186035  0.104155  0.135583  0.119987  0.0821903  0.116343  0.170232  
5.50063  -0.287916  0.83062  3.4906  
21.6895  -0.656839  1.84788  7.65459  
37.9466  1.03773  3.83454  6.47165  
52.3558  0.000576586  6.26575  5.56826  
67.3582  0.515397  3.01965  6.56735  
79.4986  -1.35123  -2.29611  7.28315  
94.6017  -2.53108  -4.42931  6.08232  
104.69  -2.54573  -5.91635  5.05515  
8.2539  -0.534668  1.54661  6.5028  
-0.534668  0.143324  0.0806111  -0.43914  
1.54661  0.0806111  0.672641  1.19826  
6.5028  -0.43914  1.19826  5.15963  
45.7477  -0.0984064  0.389992  0.648051  
-0.0984064  0.360732  0.59257  -0.0462926  
0.389992  0.59257  1.26899  -0.0667933  
0.648051  -0.0462926  -0.0667933  0.0481221  
20.6702  0.544185  2.6417  -2.80819  
0.544185  0.34832  0.0278142  -0.0426483  
2.6417  0.0278142  0.686572  -0.639643  
-2.80819  -0.0426483  -0.639643  0.658622  
23.7227  -1.31363  1.77478  0.694414  
-1.31363  0.275149  -0.241351  0.0368516  
1.77478  -0.241351  0.445812  -0.211958  
0.694414  0.0368516  -0.211958  0.31176  
19.1481  0.581818  -8.32377  1.78391  
0.581818  0.298764  -0.113124  -0.0391937  
-8.32377  -0.113124  4.67122  -1.1239  
1.78391  -0.0391937  -1.1239  0.334563  
13.3529  -1.90475  -2.98703  -1.14039  
-1.90475  0.482108  0.338469  0.160088  
-2.98703  0.338469  1.00431  0.243145  
-1.14039  0.160088  0.243145  0.115244  
92.9039  -2.73252  -1.85133  -2.34869  
-2.73252  0.177956  -0.0132631  0.0681992  
-1.85133  -0.0132631  0.294314  0.16843  
-2.34869  0.0681992  0.16843  0.135662  
60.7733  -0.163814  -2.28052  -2.19661  
-0.163814  0.0584161  0.0234986  0.0454664  
-2.28052  0.0234986  0.0993398  0.0998178  
-2.19661  0.0454664  0.0998178  0.111877  
