3,3,117
0.142653 0.235922 -0.0227841 
0.235922 0.501029 -0.0301132 
-0.0227841 -0.0301132 0.0300186 
0.142428 0.23555 -0.0227482 
0.23555 0.500239 -0.0300657 
-0.0227482 -0.0300657 0.0299714 
0.141976 0.234801 -0.0226759 
0.234801 0.498648 -0.0299699 
-0.0226759 -0.0299699 0.0298767 
0.141013 0.23321 -0.0225224 
0.23321 0.49527 -0.029766 
-0.0225224 -0.029766 0.0296764 
0.138863 0.229654 -0.0221794 
0.229654 0.487719 -0.0293086 
-0.0221794 -0.0293086 0.029234 
0.133865 0.221385 -0.0213837 
0.221385 0.47017 -0.0282351 
-0.0213837 -0.0282351 0.0282345 
0.122176 0.202042 -0.0195309 
0.202042 0.429149 -0.0256647 
-0.0195309 -0.0256647 0.0260656 
0.0969758 0.160295 -0.0155828 
0.160295 0.340814 -0.0197834 
-0.0155828 -0.0197834 0.0223492 
0.0558547 0.0919892 -0.00934823 
0.0919891 0.197147 -0.0086698 
-0.00934823 -0.0086698 0.0205701 
0.0187393 0.0298619 -0.00424861 
0.0298619 0.0686753 0.00521465 
-0.00424861 0.00521465 0.0298505 
0.00439315 0.00528626 -0.00289945 
0.00528626 0.0204288 0.0151222 
-0.00289945 0.0151222 0.0462644 
0.00204098 0.000914038 -0.00304925 
0.000914038 0.0133441 0.0194487 
-0.00304925 0.0194487 0.0565829 
0.00188946 0.000470052 -0.00320395 
0.000470052 0.0131516 0.0207601 
-0.00320395 0.0207601 0.0601431 
0.00195613 0.000439783 -0.00324844 
0.000439783 0.0132336 0.0209012 
-0.00324844 0.0209012 0.0605199 
0.00218579 0.000442075 -0.00328348 
0.000442075 0.0132471 0.0205238 
-0.00328348 0.0205238 0.059379 
0.00303221 0.000468883 -0.00348649 
0.000468883 0.013642 0.0197435 
-0.00348649 0.0197435 0.0569565 
0.00603898 0.000591457 -0.00440698 
0.000591457 0.0159287 0.0186004 
-0.00440698 0.0186004 0.0530943 
0.0158477 0.00103666 -0.00774561 
0.00103666 0.0248765 0.0176141 
-0.00774562 0.0176141 0.0484825 
0.043446 0.00235367 -0.0176163 
0.00235367 0.052166 0.0187348 
-0.0176163 0.0187348 0.0468514 
0.104592 0.00534358 -0.0400188 
0.00534358 0.114991 0.0255755 
-0.0400188 0.0255755 0.0559277 
0.2022 0.0101745 -0.0762105 
0.0101745 0.217186 0.0400074 
-0.0762105 0.0400074 0.0806429 
0.310289 0.0155566 -0.116528 
0.0155566 0.331417 0.0579478 
-0.116528 0.0579478 0.113717 
0.396236 0.0198498 -0.148682 
0.0198498 0.422669 0.0729887 
-0.148682 0.0729887 0.142276 
0.448907 0.0224889 -0.168413 
0.0224889 0.478712 0.0824328 
-0.168413 0.0824328 0.160451 
0.474129 0.0237756 -0.177862 
0.0237756 0.505558 0.0869821 
-0.177862 0.0869821 0.1693 
0.479721 0.024173 -0.179925 
0.024173 0.511419 0.0878748 
-0.179925 0.0878748 0.171264 
0.468829 0.0241613 -0.175688 
0.0241613 0.49937 0.0853225 
-0.175688 0.0853225 0.167381 
0.44068 0.0249982 -0.164493 
0.0249982 0.467529 0.0778363 
-0.164493 0.0778363 0.157381 
0.398981 0.0313053 -0.14648 
0.0313053 0.416247 0.0615135 
-0.14648 0.0615135 0.142683 
0.371879 0.0558569 -0.128999 
0.0558569 0.366308 0.0297797 
-0.128999 0.0297797 0.133588 
0.422816 0.118595 -0.131117 
0.118595 0.371749 -0.0230394 
-0.131117 -0.0230394 0.15312 
0.594379 0.224659 -0.167961 
0.224659 0.475537 -0.0922357 
-0.167961 -0.0922357 0.216548 
0.83376 0.345084 -0.227153 
0.345084 0.642739 -0.160312 
-0.227153 -0.160312 0.304432 
1.04644 0.443314 -0.282217 
0.443314 0.798409 -0.211745 
-0.282217 -0.211745 0.382318 
1.18717 0.505841 -0.319348 
0.505841 0.903418 -0.243227 
-0.319348 -0.243227 0.433801 
1.25854 0.537013 -0.338328 
0.537013 0.957105 -0.258644 
-0.338328 -0.258644 0.459907 
1.27317 0.543405 -0.342206 
0.543405 0.968087 -0.261837 
-0.342206 -0.261837 0.465301 
1.23287 0.52605 -0.33136 
0.52605 0.937468 -0.253519 
-0.33136 -0.253519 0.450746 
1.12413 0.478876 -0.30214 
0.478876 0.855048 -0.230861 
-0.30214 -0.230861 0.411673 
0.928127 0.392539 -0.249487 
0.392539 0.706928 -0.18949 
-0.249487 -0.18949 0.342341 
0.655619 0.268547 -0.176323 
0.268547 0.502349 -0.130409 
-0.176323 -0.130409 0.249351 
0.385542 0.136919 -0.1039 
0.136919 0.30258 -0.0684075 
-0.1039 -0.0684075 0.16472 
0.214802 0.0403183 -0.058251 
0.0403183 0.180857 -0.0239329 
-0.058251 -0.0239329 0.122745 
0.153185 -0.00923465 -0.0419257 
-0.00923465 0.141945 -0.00209051 
-0.0419257 -0.00209051 0.12025 
0.145658 -0.0290264 -0.0400702 
-0.0290264 0.141881 0.00599434 
-0.0400702 0.00599434 0.131776 
0.151277 -0.0361862 -0.0416772 
-0.0361862 0.149416 0.00860694 
-0.0416772 0.00860694 0.142061 
0.156498 -0.0388236 -0.0431297 
-0.0388236 0.155048 0.00945144 
-0.0431297 0.00945144 0.14816 
0.159472 -0.0398521 -0.0439521 
-0.0398521 0.158093 0.00974567 
-0.0439521 0.00974567 0.151226 
0.160791 -0.0402403 -0.0443164 
-0.0402403 0.159421 0.00984936 
-0.0443164 0.00984936 0.152527 
0.160685 -0.0402268 -0.0442878 
-0.0402268 0.159323 0.00984816 
-0.0442878 0.00984816 0.152435 
0.157685 -0.0395109 -0.0434699 
-0.0395109 0.156413 0.00968091 
-0.0434699 0.00968091 0.14956 
0.146747 -0.0372493 -0.0405853 
-0.0372493 0.146498 0.00923827 
-0.0405853 0.00923827 0.138741 
0.123891 -0.0360809 -0.0355298 
-0.0360809 0.132727 0.0100132 
-0.0355298 0.0100132 0.112826 
0.119202 -0.0577808 -0.0404855 
-0.0577808 0.172734 0.0206546 
-0.0404855 0.0206546 0.0871156 
0.180951 -0.122625 -0.0709952 
-0.122625 0.330376 0.0480319 
-0.0709952 0.0480319 0.0997917 
0.265115 -0.191848 -0.107349 
-0.191848 0.507844 0.0761824 
-0.107349 0.0761824 0.134873 
0.317246 -0.231915 -0.129106 
-0.231915 0.61231 0.0922373 
-0.129106 0.0922373 0.159192 
0.334592 -0.244871 -0.136273 
-0.244871 0.646433 0.0972529 
-0.136273 0.0972529 0.167561 
0.323907 -0.236423 -0.131874 
-0.236423 0.624975 0.093229 
-0.131874 0.093229 0.162482 
0.283696 -0.20406 -0.115203 
-0.20406 0.54323 0.0776359 
-0.115203 0.0776359 0.14381 
0.216612 -0.14363 -0.0867313 
-0.14363 0.397916 0.0431028 
-0.0867313 0.0431028 0.115902 
0.167457 -0.0751708 -0.0634245 
-0.0751708 0.257957 -0.0143041 
-0.0634245 -0.0143041 0.107566 
0.192154 -0.0412922 -0.0682334 
-0.0412922 0.233738 -0.0761214 
-0.0682334 -0.0761214 0.145954 
0.245287 -0.0389986 -0.0857146 
-0.0389986 0.279383 -0.115376 
-0.0857146 -0.115376 0.19318 
0.274566 -0.0420241 -0.0957816 
-0.0420241 0.310476 -0.131313 
-0.0957816 -0.131313 0.217057 
0.283729 -0.0432966 -0.098965 
-0.0432966 0.320657 -0.135867 
-0.098965 -0.135867 0.224365 
0.284373 -0.0433868 -0.0991903 
-0.0433868 0.321375 -0.136186 
-0.0991903 -0.136186 0.224882 
0.280572 -0.0428051 -0.0978699 
-0.0428051 0.317083 -0.134363 
-0.0978699 -0.134363 0.221887 
0.271413 -0.0414014 -0.0947006 
-0.0414014 0.306753 -0.129963 
-0.0947006 -0.129963 0.214695 
0.252857 -0.0385431 -0.0883393 
-0.0385431 0.28587 -0.121017 
-0.0883393 -0.121017 0.200244 
0.218992 -0.0332681 -0.0769677 
-0.0332681 0.247945 -0.104561 
-0.0769677 -0.104561 0.174349 
0.166965 -0.0249693 -0.0602909 
-0.0249693 0.190305 -0.0788534 
-0.0602909 -0.0788534 0.136161 
0.106832 -0.0148816 -0.0430341 
-0.0148816 0.125272 -0.0480522 
-0.0430341 -0.0480522 0.096079 
0.0606443 -0.00624881 -0.0333797 
-0.00624881 0.0781536 -0.0224538 
-0.0333797 -0.0224538 0.0725274 
0.0394288 -0.00118624 -0.0334116 
-0.00118624 0.0600245 -0.00828874 
-0.0334116 -0.00828875 0.0706852 
0.0347092 0.000996659 -0.0377191 
0.000996659 0.0593747 -0.00281966 
-0.0377191 -0.00281967 0.0789179 
0.0353616 0.00178207 -0.0415456 
0.00178207 0.0629444 -0.00119094 
-0.0415456 -0.00119094 0.0866688 
0.0363355 0.00203603 -0.0435141 
0.00203603 0.0653296 -0.0007745 
-0.0435141 -0.000774503 0.0907197 
0.0363552 0.00208912 -0.0437206 
0.00208912 0.0655184 -0.000661487 
-0.0437206 -0.00066149 0.091159 
0.0351641 0.00204418 -0.0422961 
0.00204418 0.0634068 -0.00059006 
-0.0422961 -0.000590063 0.088257 
0.0325084 0.00193149 -0.039002 
0.00193149 0.0586281 -0.000459579 
-0.039002 -0.000459582 0.0816022 
0.0280495 0.0017855 -0.0333264 
0.0017855 0.0505961 -0.000152299 
-0.0333264 -0.000152301 0.0703892 
0.0218554 0.00172205 -0.025052 
0.00172205 0.0394457 0.000560583 
-0.025052 0.000560581 0.0547787 
0.0152429 0.00199044 -0.0152877 
0.00199044 0.0275646 0.00201171 
-0.0152877 0.00201171 0.0380445 
0.010591 0.00281008 -0.00667254 
0.00281008 0.0192485 0.00432771 
-0.00667254 0.00432771 0.0261432 
0.00907411 0.00401935 -0.00125632 
0.00401935 0.0166006 0.00701694 
-0.00125632 0.00701694 0.0220707 
0.00954819 0.00515587 0.00124224 
0.00515587 0.0175305 0.00928578 
0.00124224 0.00928578 0.0230352 
0.0104397 0.0059352 0.00218285 
0.0059352 0.0191873 0.0107645 
0.00218285 0.0107645 0.0251252 
0.0110808 0.00637065 0.00251329 
0.00637065 0.0203704 0.0115712 
0.00251329 0.0115712 0.0266537 
0.0114284 0.00658521 0.00263273 
0.00658521 0.0210106 0.0119644 
0.00263273 0.0119644 0.027487 
0.0115931 0.00668289 0.00267836 
0.00668289 0.0213136 0.0121425 
0.00267836 0.0121425 0.0278826 
0.0116643 0.00672439 0.00269615 
0.00672439 0.0214444 0.0122181 
0.00269615 0.0122181 0.0280536 
0.0116878 0.00673802 0.00270181 
0.00673802 0.0214876 0.0122428 
0.00270181 0.0122428 0.0281101 
0.0116704 0.00672803 0.00269784 
0.00672803 0.0214557 0.0122247 
0.00269784 0.0122247 0.0280683 
0.0115612 0.00666502 0.00267264 
0.00666502 0.0212553 0.0121101 
0.00267264 0.0121101 0.0278052 
0.011178 0.00644371 0.00258466 
0.00644371 0.0205552 0.0117064 
0.00258466 0.0117064 0.0268781 
0.0101032 0.00582017 0.00234194 
0.00582017 0.0186215 0.0105584 
0.00234194 0.0105584 0.0242408 
0.00792842 0.00454142 0.00187634 
0.00454142 0.0148969 0.00813817 
0.00187634 0.00813817 0.0186733 
0.00542293 0.0030041 0.00143508 
0.0030041 0.0113071 0.00498525 
0.00143508 0.00498525 0.0113954 
0.00436229 0.00221496 0.00145366 
0.00221496 0.011301 0.00286363 
0.00145366 0.00286363 0.00645015 
0.00476039 0.00225844 0.00182185 
0.00225844 0.014068 0.00222259 
0.00182185 0.00222259 0.00490085 
0.00547313 0.00253939 0.00217955 
0.00253939 0.0168001 0.00223 
0.00217955 0.00223 0.0048638 
0.00597025 0.00275393 0.0024015 
0.00275393 0.0185029 0.00234059 
0.0024015 0.00234059 0.00508804 
0.00617993 0.00284638 0.00249272 
0.00284638 0.0192037 0.00239572 
0.00249272 0.00239572 0.00520559 
0.00604444 0.00278635 0.00243939 
0.00278635 0.0187949 0.0023321 
0.00243939 0.0023321 0.00509107 
0.00534757 0.00249572 0.00215172 
0.00249572 0.0166008 0.00203921 
0.00215172 0.00203921 0.00465621 
0.00404969 0.00208723 0.00158428 
0.00208723 0.0123663 0.00140856 
0.00158428 0.00140856 0.00453125 
0.00351458 0.00249891 0.00121674 
0.00249891 0.0100117 0.000752485 
0.00121674 0.000752485 0.00744014 
0.0048092 0.00408175 0.00151248 
0.00408175 0.013005 0.000577151 
0.00151248 0.000577151 0.0135605 
0.00619002 0.00538742 0.00191596 
0.00538742 0.0165987 0.000651518 
0.00191596 0.000651518 0.0181363 
0.00683219 0.00596072 0.00211142 
0.00596072 0.0183056 0.000709278 
0.00211142 0.000709278 0.0200913 
0.00705235 0.0061541 0.00217915 
0.0061541 0.0188941 0.000731234 
0.00217915 0.000731234 0.0207454 
0.00711973 0.00621301 0.00219994 
0.00621301 0.0190745 0.000738144 
0.00219994 0.000738144 0.0209441 
0.00713941 0.0062302 0.00220602 
0.0062302 0.0191272 0.000740178 
0.00220602 0.000740178 0.0210021 
0.00714502 0.0062351 0.00220776 
0.0062351 0.0191423 0.00074076 
0.00220776 0.00074076 0.0210186 
0.00714661 0.00623649 0.00220825 
0.00623649 0.0191465 0.000740925 
0.00220825 0.000740925 0.0210233 
0.00714706 0.00623688 0.00220839 
0.00623688 0.0191477 0.000740972 
0.00220839 0.000740972 0.0210246 
