4  11
0.0773856  0.0912989  0.0956153  0.0894034  0.107663  0.0623519  0.100007  0.092346  0.131127  0.0696993  0.0831026  
5.0305  -0.35182  1.01668  4.26448  
15.2448  0.00664596  -0.0143953  -0.103393  
25.7031  0.425139  0.282905  0.137617  
36.6561  0.12871  1.29639  -1.22818  
48.0258  -0.413086  0.571737  0.138792  
58.2378  0.580459  -1.26448  0.284491  
67.7213  -0.45708  -2.6579  0.705858  
78.9062  -0.780355  -1.32009  -0.668878  
91.8698  -0.0776055  -0.393843  -0.306359  
103.603  -0.0379708  -0.220476  -0.173262  
112.576  0.0225766  -0.131731  -0.13857  
6.78083  0.451134  -1.29674  -5.49606  
0.451134  0.172979  0.150164  -0.388491  
-1.29674  0.150164  0.750107  1.02087  
-5.49606  -0.388491  1.02087  4.4848  
12.9059  0.104634  -0.169479  -0.710869  
0.104634  0.00276065  -0.000926303  -0.00908859  
-0.169479  -0.000926303  0.0158206  0.0309878  
-0.710869  -0.00908859  0.0309878  0.10187  
16.3576  1.68596  0.734792  -0.0499049  
1.68596  0.681776  0.101176  -0.195721  
0.734792  0.101176  0.574706  0.0909727  
-0.0499049  -0.195721  0.0909727  0.181501  
13.9371  -3.26561  -0.654792  1.22772  
-3.26561  2.15668  0.747486  -0.661659  
-0.654792  0.747486  1.08874  -0.343962  
1.22772  -0.661659  -0.343962  0.61664  
16.0449  -0.203313  -1.54511  -0.183842  
-0.203313  0.164799  -0.0210337  -0.0423814  
-1.54511  -0.0210337  0.309636  0.0276463  
-0.183842  -0.0423814  0.0276463  0.156003  
5.77749  1.33632  -2.48057  -0.946694  
1.33632  0.706936  -0.865423  -0.381085  
-2.48057  -0.865423  1.83448  0.522632  
-0.946694  -0.381085  0.522632  0.354036  
15.2583  -4.16688  -0.0676616  -0.220257  
-4.16688  1.42682  -0.0255982  -0.0406145  
-0.0676616  -0.0255982  0.326779  -0.137374  
-0.220257  -0.0406145  -0.137374  0.23163  
14.1714  1.24858  1.17827  -0.718367  
1.24858  0.150022  0.10612  -0.111498  
1.17827  0.10612  0.17013  -0.0604357  
-0.718367  -0.111498  -0.0604357  0.136882  
23.8857  0.341555  0.498485  0.36689  
0.341555  0.0166004  0.0138826  0.00795481  
0.498485  0.0138826  0.0319432  0.0199296  
0.36689  0.00795481  0.0199296  0.0338141  
7.11161  0.0613842  -0.155398  -0.098574  
0.0613842  0.00746624  0.00184982  0.00195172  
-0.155398  0.00184982  0.0249844  0.00482576  
-0.098574  0.00195172  0.00482576  0.00716458  
8.39222  -0.0621364  -0.176845  -0.149901  
-0.0621364  0.00760734  0.00754644  0.00331833  
-0.176845  0.00754644  0.0228749  0.00389978  
-0.149901  0.00331833  0.00389978  0.0237028  
