4  8
0.120004  0.214532  0.110625  0.105586  0.140119  0.0805355  0.120153  0.108445  
6.5003  -1.42024  -3.62908  2.44015  
23.7024  -2.46678  -6.53873  4.72991  
39.0954  -0.79253  -3.16138  6.44415  
50.2301  0.397889  3.12288  7.02038  
62.5534  -0.513925  5.66268  6.124  
73.817  -0.795734  4.36164  6.20519  
83.4592  -0.32172  2.98705  6.96001  
94.6912  -0.853589  1.94475  7.56935  
11.9187  -2.9444  -7.57835  5.05052  
-2.9444  0.765584  1.89891  -1.2647  
-7.57835  1.89891  4.98637  -3.20445  
5.05052  -1.2647  -3.20445  2.24534  
47.8283  1.14267  1.62127  1.30571  
1.14267  0.118854  0.0445212  0.0803807  
1.62127  0.0445212  0.28355  0.26248  
1.30571  0.0803807  0.26248  0.278727  
26.5875  3.09303  5.16151  1.1385  
3.09303  0.634076  1.12791  0.280578  
5.16151  1.12791  3.04881  0.77615  
1.1385  0.280578  0.77615  0.217166  
20.7019  -0.071853  4.82063  -0.575727  
-0.071853  0.203587  -0.00593101  0.0123063  
4.82063  -0.00593101  2.4041  -0.317045  
-0.575727  0.0123063  -0.317045  0.0811019  
25.7468  -0.87809  -0.248269  -0.390544  
-0.87809  0.125387  0.022462  0.0400291  
-0.248269  0.022462  0.177537  -0.0969547  
-0.390544  0.0400291  -0.0969547  0.0842455  
17.1181  0.726881  -0.478931  -0.269294  
0.726881  0.11188  -0.146465  0.0286837  
-0.478931  -0.146465  0.323168  -0.0779031  
-0.269294  0.0286837  -0.0779031  0.0493755  
22.4587  -0.499489  -2.55508  2.2306  
-0.499489  0.542518  0.447918  -0.335413  
-2.55508  0.447918  1.01498  -0.570969  
2.2306  -0.335413  -0.570969  0.446727  
14.0592  0.413963  -1.74405  0.0596155  
0.413963  0.0412677  -0.03638  0.0131382  
-1.74405  -0.03638  0.562933  -0.0530975  
0.0596155  0.0131382  -0.0530975  0.0178678  
