3,3,117
0.10288 0.171129 -0.0169355 
0.171129 0.362375 -0.0191555 
-0.0169355 -0.0191555 0.0344165 
0.103105 0.171503 -0.0169735 
0.171503 0.363168 -0.019197 
-0.0169735 -0.019197 0.0344972 
0.102814 0.171018 -0.0169243 
0.171018 0.362141 -0.0191432 
-0.0169242 -0.0191432 0.0343926 
0.101934 0.169553 -0.0167751 
0.169553 0.35904 -0.0189809 
-0.0167751 -0.0189809 0.0340738 
0.100246 0.166741 -0.0164868 
0.166741 0.353093 -0.0186705 
-0.0164868 -0.0186705 0.0334501 
0.0973567 0.161923 -0.0159854 
0.161923 0.342908 -0.0181417 
-0.0159854 -0.0181417 0.032338 
0.0927853 0.15429 -0.0151642 
0.15429 0.326786 -0.0173152 
-0.0151642 -0.0173152 0.0304202 
0.0867749 0.144205 -0.0139758 
0.144205 0.305557 -0.0162677 
-0.0139758 -0.0162677 0.0272847 
0.0836771 0.138796 -0.0128757 
0.138796 0.294473 -0.0159029 
-0.0128757 -0.0159029 0.0229128 
0.0991914 0.163916 -0.013851 
0.163916 0.348657 -0.0193588 
-0.0138509 -0.0193588 0.0191799 
0.155581 0.256348 -0.0199949 
0.256348 0.546359 -0.0309859 
-0.0199949 -0.0309859 0.0203039 
0.240818 0.396444 -0.0301479 
0.396444 0.845456 -0.0482501 
-0.0301479 -0.0482501 0.026897 
0.308672 0.50807 -0.0384667 
0.50807 1.08362 -0.0619083 
-0.0384667 -0.0619083 0.0334822 
0.342585 0.56388 -0.042668 
0.56388 1.20267 -0.0687189 
-0.042668 -0.0687189 0.0370198 
0.355216 0.584668 -0.0442385 
0.584668 1.24701 -0.0712535 
-0.0442385 -0.0712535 0.0383697 
0.359128 0.591108 -0.0447255 
0.591108 1.26074 -0.0720383 
-0.0447255 -0.0720383 0.038791 
0.360181 0.592841 -0.0448566 
0.592841 1.26444 -0.0722497 
-0.0448566 -0.0722497 0.0389047 
0.360413 0.593222 -0.0448855 
0.593222 1.26525 -0.0722961 
-0.0448855 -0.0722961 0.0389297 
0.360406 0.59321 -0.0448846 
0.59321 1.26523 -0.0722946 
-0.0448846 -0.0722946 0.0389289 
0.360271 0.592989 -0.0448678 
0.592989 1.26476 -0.0722676 
-0.0448678 -0.0722676 0.0389144 
0.359949 0.592459 -0.0448277 
0.592459 1.26363 -0.0722033 
-0.0448277 -0.0722033 0.0388798 
0.359253 0.591311 -0.0447408 
0.591311 1.26118 -0.0720641 
-0.0447408 -0.0720641 0.0388052 
0.357798 0.58891 -0.0445587 
0.58891 1.25606 -0.0717746 
-0.0445587 -0.0717746 0.0386507 
0.354859 0.584044 -0.0441892 
0.584044 1.24571 -0.0711954 
-0.0441892 -0.0711954 0.0383449 
0.349158 0.574545 -0.043465 
0.574545 1.22553 -0.0700932 
-0.043465 -0.0700932 0.0377758 
0.338643 0.55681 -0.0421028 
0.55681 1.18802 -0.0681385 
-0.0421028 -0.0681385 0.0368143 
0.320549 0.525565 -0.039669 
0.525565 1.12246 -0.065038 
-0.039669 -0.065038 0.0354564 
0.292376 0.474694 -0.0356059 
0.474694 1.0173 -0.0610126 
-0.0356059 -0.0610126 0.0342467 
0.254541 0.400379 -0.0294102 
0.400379 0.867711 -0.0577735 
-0.0294102 -0.0577735 0.0350656 
0.213829 0.306325 -0.0210073 
0.306325 0.687135 -0.0593778 
-0.0210073 -0.0593778 0.0416862 
0.183098 0.206442 -0.0111045 
0.206442 0.510609 -0.0710259 
-0.0111045 -0.0710259 0.0584531 
0.173402 0.118793 -0.00106248 
0.118793 0.376756 -0.0949827 
-0.00106248 -0.0949827 0.0866137 
0.185278 0.0545256 0.0077872 
0.0545256 0.301752 -0.127647 
0.0077872 -0.127647 0.122044 
0.209854 0.013686 0.0147442 
0.013686 0.274846 -0.161947 
0.0147442 -0.161947 0.157818 
0.236936 -0.0099406 0.0197764 
-0.0099406 0.274963 -0.192022 
0.0197764 -0.192022 0.188531 
0.260184 -0.0229624 0.0232018 
-0.0229624 0.285173 -0.215216 
0.0232018 -0.215216 0.211938 
0.277103 -0.029975 0.0253926 
-0.029975 0.296044 -0.231208 
0.0253926 -0.231208 0.227973 
0.287058 -0.0335913 0.026624 
-0.0335913 0.303183 -0.240439 
0.026624 -0.240439 0.237208 
0.28953 -0.0351088 0.0270261 
-0.0351088 0.30422 -0.242979 
0.0270261 -0.242979 0.23979 
0.283109 -0.0350821 0.026592 
-0.0350821 0.296887 -0.237951 
0.026592 -0.237951 0.23491 
0.265299 -0.0337989 0.0252695 
-0.0337989 0.278425 -0.223605 
0.0252695 -0.223605 0.220935 
0.233901 -0.0319583 0.0232694 
-0.0319583 0.247063 -0.198809 
0.0232694 -0.198809 0.196976 
0.191287 -0.0317781 0.02171 
-0.0317781 0.206786 -0.167056 
0.02171 -0.167056 0.166972 
0.149584 -0.0375593 0.0230484 
-0.0375593 0.172593 -0.140742 
0.0230484 -0.140742 0.143883 
0.126729 -0.0529486 0.029631 
-0.0529486 0.164392 -0.136054 
0.029631 -0.136054 0.144052 
0.129771 -0.0758414 0.0406854 
-0.0758414 0.18695 -0.15653 
0.0406854 -0.15653 0.170184 
0.148259 -0.0990781 0.0524294 
-0.0990781 0.22429 -0.188728 
0.0524294 -0.188728 0.207468 
0.168143 -0.117063 0.0617081 
-0.117063 0.258415 -0.217779 
0.0617081 -0.217779 0.240219 
0.182771 -0.128687 0.0677656 
-0.128687 0.282137 -0.237871 
0.0677656 -0.237871 0.262628 
0.19171 -0.135382 0.071272 
-0.135382 0.296282 -0.249825 
0.071272 -0.249825 0.275894 
0.196559 -0.138913 0.0731255 
-0.138913 0.303868 -0.256228 
0.0731255 -0.256228 0.282983 
0.198787 -0.140514 0.0739671 
-0.140514 0.307339 -0.259155 
0.0739671 -0.259155 0.286219 
0.199182 -0.140795 0.0741141 
-0.140795 0.307965 -0.259675 
0.0741141 -0.259675 0.286791 
0.19779 -0.139787 0.0735821 
-0.139787 0.305861 -0.25786 
0.0735821 -0.25786 0.284771 
0.19385 -0.136889 0.0720501 
-0.136889 0.299977 -0.252718 
0.0720501 -0.252718 0.27902 
0.185664 -0.130624 0.0687238 
-0.130624 0.288202 -0.242023 
0.0687238 -0.242023 0.2669 
0.170895 -0.118296 0.062124 
-0.118296 0.268834 -0.222674 
0.062124 -0.222674 0.24432 
0.148777 -0.0960898 0.0500494 
-0.0960898 0.246713 -0.193513 
0.0500494 -0.193513 0.207898 
0.125638 -0.0609006 0.030422 
-0.0609006 0.24554 -0.162412 
0.030422 -0.162412 0.161469 
0.117696 -0.0145449 0.00363248 
-0.0145449 0.308118 -0.150037 
0.00363248 -0.150037 0.121666 
0.137241 0.0340077 -0.0255811 
0.0340077 0.452933 -0.172424 
-0.0255811 -0.172424 0.106384 
0.175418 0.0742915 -0.0507294 
0.0742915 0.635563 -0.218859 
-0.0507294 -0.218859 0.114516 
0.213184 0.101865 -0.0684251 
0.101865 0.79367 -0.265402 
-0.0684251 -0.265402 0.131108 
0.240374 0.118377 -0.0792114 
0.118377 0.901362 -0.299076 
-0.0792114 -0.299076 0.145378 
0.256744 0.127429 -0.085185 
0.127429 0.964566 -0.319393 
-0.085185 -0.319393 0.15459 
0.265367 0.131979 -0.0882049 
0.131979 0.997463 -0.330105 
-0.0882049 -0.330105 0.159593 
0.268851 0.133783 -0.0894055 
0.133783 1.01069 -0.334429 
-0.0894055 -0.334429 0.161636 
0.268341 0.133539 -0.0892443 
0.133539 1.00879 -0.333775 
-0.0892443 -0.333775 0.161313 
0.263314 0.131001 -0.0875621 
0.131001 0.98982 -0.32746 
-0.0875621 -0.32746 0.158271 
0.251321 0.124849 -0.083511 
0.124849 0.94433 -0.312283 
-0.083511 -0.312283 0.150972 
0.228067 0.112463 -0.075496 
0.112463 0.855054 -0.282264 
-0.075496 -0.282264 0.136569 
0.190215 0.090464 -0.0618072 
0.090464 0.705405 -0.230998 
-0.0618072 -0.230998 0.112101 
0.143738 0.0575926 -0.0429514 
0.0575926 0.50785 -0.160405 
-0.0429514 -0.160405 0.0787839 
0.109177 0.0189666 -0.0239714 
0.0189666 0.327492 -0.0894211 
-0.0239714 -0.0894211 0.0460693 
0.103206 -0.0155473 -0.0109574 
-0.0155473 0.230639 -0.040872 
-0.0109574 -0.040872 0.0248203 
0.117998 -0.03969 -0.0048587 
-0.03969 0.211865 -0.018236 
-0.0048587 -0.018236 0.0160401 
0.135785 -0.0537366 -0.00276837 
-0.0537366 0.224716 -0.0105088 
-0.00276837 -0.0105088 0.0139108 
0.147331 -0.0606427 -0.00219422 
-0.0606427 0.238456 -0.00827407 
-0.00219422 -0.00827407 0.0138584 
0.151314 -0.0629707 -0.00203658 
-0.0629707 0.243734 -0.00734326 
-0.00203658 -0.00734326 0.0140779 
0.148742 -0.0622152 -0.00194125 
-0.0622152 0.239798 -0.00627038 
-0.00194125 -0.00627038 0.0141434 
0.140407 -0.0590681 -0.0018085 
-0.059068 0.227389 -0.00443945 
-0.0018085 -0.00443945 0.0140887 
0.126624 -0.0538464 -0.0016079 
-0.0538464 0.207192 -0.0012709 
-0.0016079 -0.0012709 0.0141527 
0.108002 -0.0469981 -0.00132952 
-0.0469981 0.18078 0.00407447 
-0.00132952 0.00407447 0.0148269 
0.0867934 -0.039701 -0.000980942 
-0.039701 0.152656 0.0126664 
-0.000980942 0.0126664 0.0169431 
0.067797 -0.0341102 -0.000590418 
-0.0341102 0.131147 0.0251499 
-0.000590418 0.0251499 0.0214166 
0.0563815 -0.0322184 -0.000185981 
-0.0322184 0.124025 0.0403354 
-0.000185981 0.0403354 0.0282592 
0.0536464 -0.0336729 0.000244801 
-0.0336729 0.130073 0.0545564 
0.000244801 0.0545564 0.035661 
0.0552456 -0.0357709 0.000752797 
-0.0357709 0.13898 0.0638815 
0.000752797 0.0638815 0.0410213 
0.0563974 -0.0362209 0.0013795 
-0.0362209 0.141923 0.067065 
0.0013795 0.067065 0.0431104 
0.0554412 -0.0346206 0.0021392 
-0.0346206 0.137307 0.0654935 
0.0021392 0.0654935 0.0424684 
0.05289 -0.0316247 0.00303605 
-0.0316247 0.127623 0.0612371 
0.00303605 0.0612371 0.04026 
0.0496676 -0.0279452 0.00407435 
-0.0279453 0.115604 0.0558462 
0.00407435 0.0558462 0.0374242 
0.0464209 -0.0240398 0.00525563 
-0.0240398 0.103008 0.0502101 
0.00525563 0.0502101 0.0345135 
0.0434963 -0.0201566 0.0065736 
-0.0201566 0.0907755 0.0447818 
0.0065736 0.0447818 0.0318085 
0.0410531 -0.0164274 0.00801237 
-0.0164274 0.0793803 0.0397829 
0.00801237 0.0397829 0.02944 
0.0391484 -0.0129259 0.00954766 
-0.0129259 0.0690557 0.0353175 
0.00954766 0.0353175 0.0274602 
0.03778 -0.00969373 0.0111496 
-0.00969373 0.059901 0.0314242 
0.0111496 0.0314242 0.0258774 
0.0369107 -0.00675155 0.0127861 
-0.00675155 0.0519301 0.0281008 
0.0127861 0.0281008 0.0246727 
0.0364815 -0.00410459 0.0144255 
-0.00410459 0.045099 0.0253178 
0.0144255 0.0253178 0.0238103 
0.0364224 -0.00174636 0.0160392 
-0.00174636 0.0393245 0.0230279 
0.0160392 0.0230279 0.0232447 
0.0366601 0.000337939 0.0176029 
0.000337938 0.0345001 0.021174 
0.0176029 0.021174 0.0229268 
0.0371244 0.00216848 0.0190973 
0.00216848 0.0305092 0.0196957 
0.0190973 0.0196957 0.022808 
0.0377518 0.00376832 0.0205083 
0.00376832 0.0272349 0.0185337 
0.0205083 0.0185337 0.0228432 
0.0384875 0.00516144 0.0218267 
0.00516144 0.024566 0.0176328 
0.0218267 0.0176328 0.0229926 
0.0392861 0.00637138 0.0230474 
0.00637138 0.0224019 0.0169441 
0.0230474 0.0169441 0.0232226 
0.0401118 0.00742037 0.0241688 
0.00742037 0.0206541 0.0164251 
0.0241688 0.0164251 0.0235057 
0.0409368 0.00832874 0.0251921 
0.00832874 0.0192466 0.0160402 
0.0251921 0.0160402 0.0238198 
0.0417407 0.00911475 0.0261201 
0.00911475 0.0181154 0.0157599 
0.0261201 0.0157599 0.0241481 
0.0425089 0.0097945 0.0269573 
0.0097945 0.0172075 0.0155603 
0.0269573 0.0155603 0.0244778 
0.0432316 0.010382 0.0277087 
0.010382 0.0164792 0.0154222 
0.0277087 0.0154222 0.0247996 
0.0439026 0.0108895 0.0283799 
0.0108895 0.0158953 0.0153304 
0.0283799 0.0153304 0.0251069 
0.0445185 0.0113273 0.0289764 
0.0113273 0.0154273 0.0152729 
0.0289764 0.0152729 0.0253952 
0.0450778 0.0117042 0.0295038 
0.0117042 0.0150522 0.0152404 
0.0295038 0.0152404 0.0256617 
0.0455805 0.0120279 0.0299673 
0.0120279 0.0147519 0.0152257 
0.0299673 0.0152257 0.0259046 
0.0460273 0.0123045 0.0303716 
0.0123045 0.0145116 0.0152231 
0.0303716 0.0152231 0.026123 
0.0464198 0.0125395 0.0307211 
0.0125395 0.0143199 0.0152285 
0.0307211 0.0152285 0.0263166 
0.0467596 0.0127373 0.0310198 
0.0127373 0.0141678 0.0152386 
0.0310198 0.0152386 0.0264854 
