3,3,100
0.0269215 -0.000584672 0.0015628 
-0.000584672 0.106022 0.0495732 
0.00156274 0.0495732 0.075632 
0.0269153 -0.000584536 0.00156244 
-0.000584536 0.105997 0.0495617 
0.00156238 0.0495617 0.0756144 
0.0268974 -0.000584146 0.0015614 
-0.000584146 0.105927 0.0495288 
0.00156134 0.0495288 0.0755643 
0.0268409 -0.000582892 0.00155811 
-0.000582892 0.105704 0.0494247 
0.00155805 0.0494247 0.0754056 
0.0266518 -0.000578414 0.00154691 
-0.000578414 0.10496 0.0490758 
0.00154685 0.0490758 0.0748742 
0.0260126 -0.000559643 0.00150686 
-0.000559643 0.102442 0.0478882 
0.0015068 0.0478882 0.0730758 
0.0239704 -0.00045641 0.00135255 
-0.00045641 0.0943947 0.044001 
0.00135249 0.044001 0.0673075 
0.0187055 0.000222564 0.000703131 
0.000222564 0.0736187 0.03309 
0.000703091 0.03309 0.0522198 
0.0112115 0.0035408 -0.00165489 
0.0035408 0.0438724 0.0124905 
-0.00165491 0.0124905 0.0295073 
0.00876716 0.01063 -0.00608364 
0.01063 0.0337245 -0.00717155 
-0.00608364 -0.00717155 0.0189407 
0.010432 0.0162805 -0.00944052 
0.0162805 0.039858 -0.0163374 
-0.00944052 -0.0163374 0.0206341 
0.0112625 0.0179998 -0.0104141 
0.0179998 0.0429957 -0.0184797 
-0.0104141 -0.0184797 0.0220746 
0.0107231 0.0171273 -0.00981512 
0.0171273 0.0409261 -0.0173884 
-0.00981512 -0.0173884 0.0210759 
0.00918458 0.0145443 -0.0080809 
0.0145443 0.0350339 -0.0141345 
-0.0080809 -0.0141345 0.0182591 
0.0069604 0.0106837 -0.00526152 
0.0106837 0.0264971 -0.00869746 
-0.00526152 -0.00869746 0.0143863 
0.00489738 0.00675015 -0.00174817 
0.00675015 0.018524 -0.00155641 
-0.00174817 -0.00155641 0.0113659 
0.0041735 0.00463853 0.00134774 
0.00463853 0.0156124 0.00530055 
0.00134774 0.00530055 0.0114919 
0.00466464 0.00452578 0.00318424 
0.00452578 0.0173471 0.00984292 
0.00318424 0.00984292 0.013912 
0.00526661 0.00496363 0.00396842 
0.00496363 0.019563 0.0119845 
0.00396842 0.0119845 0.0159437 
0.00554183 0.00520678 0.00422118 
0.00520678 0.0205831 0.012715 
0.00422119 0.012715 0.0168003 
0.00558071 0.00525164 0.00424728 
0.00525164 0.0207299 0.0127883 
0.00424728 0.0127883 0.0168912 
0.00550183 0.00521783 0.00415609 
0.00521783 0.0204479 0.0125037 
0.00415609 0.0125037 0.0165327 
0.00540158 0.00527216 0.00396443 
0.00527216 0.0201157 0.0118903 
0.00396443 0.0118903 0.0157893 
0.0055153 0.00586711 0.00367233 
0.00586711 0.0206702 0.0108917 
0.00367233 0.0108917 0.0146895 
0.00648953 0.00816916 0.00333883 
0.00816916 0.0246639 0.00954939 
0.00333883 0.00954939 0.0135386 
0.00956733 0.014325 0.00315192 
0.014325 0.0369788 0.00819087 
0.00315192 0.00819087 0.0132078 
0.0161001 0.0265748 0.00338861 
0.0265748 0.0628978 0.00741359 
0.00338861 0.00741359 0.0149213 
0.0262036 0.0449567 0.00419178 
0.0449567 0.102835 0.00766445 
0.00419178 0.00766445 0.0192376 
0.0380065 0.0660993 0.00538669 
0.0660993 0.149423 0.00880759 
0.00538668 0.00880759 0.0252555 
0.0487193 0.0851213 0.00660016 
0.0851212 0.191759 0.0102594 
0.00660016 0.0102594 0.0311957 
0.0561242 0.0981667 0.00751313 
0.0981667 0.221374 0.0114525 
0.00751313 0.0114525 0.0355312 
0.05893 0.102919 0.00798628 
0.102919 0.233972 0.0121125 
0.00798628 0.0121125 0.0374579 
0.0564647 0.0979083 0.00812287 
0.0979083 0.22913 0.0123977 
0.00812287 0.0123977 0.0369624 
0.0489056 0.0826883 0.00845378 
0.0826883 0.21282 0.0132093 
0.00845378 0.0132093 0.0353215 
0.0384005 0.0597405 0.0101239 
0.0597405 0.202317 0.0164722 
0.0101239 0.0164722 0.0358859 
0.029338 0.0358656 0.0143138 
0.0358656 0.221243 0.0241112 
0.0143138 0.0241112 0.0428052 
0.0253135 0.0187088 0.0206077 
0.0187088 0.275384 0.0352939 
0.0206077 0.0352939 0.0562423 
0.0258642 0.0110396 0.0265657 
0.0110396 0.339914 0.0457886 
0.0265657 0.0457886 0.0703326 
0.0282234 0.0110489 0.0298197 
0.0110489 0.385142 0.0515772 
0.0298197 0.0515772 0.0786462 
0.0308403 0.0168124 0.0296889 
0.0168124 0.402205 0.0515737 
0.0296889 0.0515737 0.0790818 
0.0341918 0.0284541 0.0267963 
0.0284541 0.401614 0.0469334 
0.0267963 0.0469334 0.0732252 
0.039909 0.0476798 0.0222326 
0.0476798 0.402353 0.0396126 
0.0222326 0.0396126 0.0641182 
0.0497505 0.0763113 0.0171608 
0.0763113 0.423883 0.0316739 
0.0171608 0.0316739 0.0550196 
0.0645034 0.114314 0.0126288 
0.114314 0.478733 0.0249205 
0.0126288 0.0249205 0.0486417 
0.0829565 0.158049 0.00932486 
0.158049 0.564763 0.0204292 
0.00932486 0.0204292 0.0462852 
0.101749 0.200263 0.00737879 
0.200263 0.662866 0.0182004 
0.0073788 0.0182004 0.0473531 
0.116534 0.23238 0.00642997 
0.23238 0.744471 0.0173222 
0.00642998 0.0173222 0.0499153 
0.123642 0.247426 0.00592458 
0.247426 0.783714 0.0165251 
0.00592458 0.0165251 0.0520302 
0.121117 0.241637 0.0053879 
0.241637 0.765761 0.0146257 
0.0053879 0.0146257 0.0529438 
0.109097 0.214908 0.00453196 
0.214908 0.689976 0.0106239 
0.00453196 0.0106239 0.0538104 
0.0901186 0.171354 0.00325621 
0.171354 0.571861 0.00367187 
0.00325622 0.00367187 0.0579595 
0.0691722 0.119808 0.00163084 
0.119808 0.44292 -0.0067229 
0.00163085 -0.0067229 0.0700881 
0.0521696 0.0717934 -0.000134059 
0.0717934 0.340424 -0.020156 
-0.000134057 -0.020156 0.0934104 
0.0427564 0.036121 -0.00177688 
0.036121 0.286814 -0.0349732 
-0.00177688 -0.0349732 0.126174 
0.0404283 0.0147149 -0.00310623 
0.0147149 0.277885 -0.0488587 
-0.00310623 -0.0488587 0.16176 
0.0421075 0.00404362 -0.0040629 
0.00404362 0.293309 -0.0600521 
-0.0040629 -0.0600521 0.193119 
0.0449045 -0.000561088 -0.00469031 
-0.000561088 0.314468 -0.0679991 
-0.0046903 -0.0679991 0.21659 
0.0472972 -0.00235932 -0.00507015 
-0.00235932 0.331823 -0.0730564 
-0.00507015 -0.0730564 0.231986 
0.048815 -0.00301593 -0.0052768 
-0.00301593 0.342617 -0.0758595 
-0.0052768 -0.0758595 0.240663 
0.0494103 -0.0032307 -0.00536154 
-0.0032307 0.346551 -0.0768548 
-0.00536154 -0.0768548 0.24378 
0.0491079 -0.00325907 -0.00536895 
-0.00325907 0.342919 -0.0760523 
-0.00536895 -0.0760523 0.241364 
0.0481354 -0.00319112 -0.00542539 
-0.00319112 0.329342 -0.0728945 
-0.00542538 -0.0728945 0.232003 
0.0479609 -0.00311477 -0.00602435 
-0.00311477 0.302179 -0.0662711 
-0.00602435 -0.0662711 0.213529 
0.0537864 -0.00328475 -0.00863943 
-0.00328475 0.259785 -0.0549438 
-0.00863943 -0.0549438 0.185737 
0.0768312 -0.0042617 -0.016213 
-0.0042617 0.208461 -0.0386437 
-0.016213 -0.0386437 0.154847 
0.129718 -0.00669783 -0.0318472 
-0.00669783 0.164051 -0.0192107 
-0.0318472 -0.0192107 0.133794 
0.212832 -0.0106512 -0.0553028 
-0.0106512 0.141028 -0.00012934 
-0.0553028 -0.000129344 0.132478 
0.308538 -0.0152767 -0.0817035 
-0.0152767 0.14 0.0155969 
-0.0817035 0.0155969 0.148267 
0.393945 -0.0194603 -0.104981 
-0.0194603 0.150604 0.0267954 
-0.104981 0.0267954 0.170158 
0.453993 -0.0225169 -0.12122 
-0.0225169 0.162121 0.0336204 
-0.12122 0.0336204 0.1882 
0.481998 -0.0243584 -0.128649 
-0.0243584 0.16828 0.036398 
-0.128649 0.036398 0.196723 
0.47546 -0.0256904 -0.12637 
-0.0256904 0.167335 0.0347248 
-0.12637 0.0347248 0.193256 
0.43828 -0.0291101 -0.114619 
-0.0291101 0.16411 0.02682 
-0.114619 0.02682 0.179281 
0.394115 -0.0411435 -0.0978756 
-0.0411435 0.176597 0.00936224 
-0.0978756 0.00936224 0.165606 
0.39489 -0.0714818 -0.0875553 
-0.0714818 0.236159 -0.0205802 
-0.0875553 -0.0205802 0.175175 
0.48331 -0.123176 -0.0947572 
-0.123176 0.359013 -0.0605592 
-0.0947572 -0.0605592 0.225392 
0.634857 -0.18343 -0.116951 
-0.18343 0.514024 -0.100993 
-0.116951 -0.100993 0.302747 
0.782876 -0.234267 -0.141414 
-0.234267 0.649708 -0.132542 
-0.141414 -0.132542 0.375829 
0.886858 -0.267733 -0.159379 
-0.267733 0.74062 -0.152478 
-0.159379 -0.152478 0.426475 
0.941742 -0.284894 -0.169034 
-0.284894 0.787666 -0.162519 
-0.169034 -0.162519 0.453054 
0.949784 -0.287326 -0.170438 
-0.287326 0.794897 -0.164094 
-0.170438 -0.164094 0.456951 
0.899499 -0.271033 -0.161491 
-0.271033 0.754597 -0.155782 
-0.161491 -0.155782 0.432648 
0.767028 -0.224701 -0.138211 
-0.224701 0.653427 -0.134833 
-0.138211 -0.134833 0.368241 
0.557128 -0.137492 -0.10241 
-0.137492 0.514459 -0.105896 
-0.10241 -0.105896 0.264697 
0.34671 -0.01868 -0.0689887 
-0.01868 0.423766 -0.0865994 
-0.0689887 -0.0865994 0.157512 
0.216258 0.0975985 -0.0516189 
0.0975985 0.433566 -0.0878247 
-0.0516189 -0.0878247 0.0864639 
0.162564 0.179908 -0.04718 
0.179908 0.491004 -0.0989874 
-0.04718 -0.0989874 0.0534971 
0.140519 0.215621 -0.0455218 
0.215621 0.517747 -0.104151 
-0.0455218 -0.104151 0.0397147 
0.116892 0.200533 -0.039599 
0.200533 0.464431 -0.0931237 
-0.039599 -0.0931237 0.0305491 
0.0799374 0.137573 -0.0273739 
0.137573 0.321928 -0.0635652 
-0.0273739 -0.0635652 0.0200578 
0.0426667 0.0582099 -0.0141321 
0.0582099 0.158332 -0.0285171 
-0.0141321 -0.0285171 0.0101726 
0.0252053 0.00771617 -0.00740965 
0.00771617 0.0684804 -0.0074619 
-0.00740965 -0.0074619 0.00537744 
0.0234061 -0.0101844 -0.00626204 
-0.0101844 0.0471823 -0.000832359 
-0.00626204 -0.000832359 0.0046066 
0.0249937 -0.014716 -0.00654938 
-0.014716 0.0467436 0.000460443 
-0.00654938 0.000460443 0.00483478 
0.0260064 -0.0158176 -0.00679666 
-0.0158176 0.0481588 0.000656637 
-0.00679666 0.000656637 0.00501959 
0.0264047 -0.0161143 -0.00689881 
-0.0161143 0.0488448 0.000685826 
-0.00689881 0.000685826 0.00509525 
0.0265369 -0.0162002 -0.00693316 
-0.0162002 0.0490845 0.000691072 
-0.00693316 0.000691072 0.00512063 
0.0265771 -0.0162252 -0.00694366 
-0.0162252 0.0491585 0.000692273 
-0.00694366 0.000692273 0.00512839 
0.0265887 -0.0162323 -0.00694669 
-0.0162323 0.0491799 0.000692587 
-0.00694669 0.000692587 0.00513062 
0.0265919 -0.0162342 -0.00694753 
-0.0162342 0.0491858 0.000692671 
-0.00694753 0.000692671 0.00513124 
