3,3,95
0.0723787 -0.0257315 -0.00571393 
-0.0257315 0.0348737 0.00828499 
-0.00571393 0.00828499 0.0340616 
0.0723748 -0.0257301 -0.00571362 
-0.0257301 0.0348719 0.00828455 
-0.00571362 0.00828455 0.0340598 
0.0723661 -0.025727 -0.00571294 
-0.025727 0.0348677 0.00828355 
-0.00571294 0.00828355 0.0340557 
0.0723447 -0.0257194 -0.00571125 
-0.0257194 0.0348574 0.0082811 
-0.00571125 0.0082811 0.0340457 
0.0722807 -0.0256967 -0.00570618 
-0.0256967 0.0348266 0.00827376 
-0.00570618 0.00827376 0.0340155 
0.0719996 -0.0255969 -0.00568386 
-0.0255969 0.0346919 0.00824147 
-0.00568386 0.00824147 0.0338833 
0.0702673 -0.0249821 -0.00554531 
-0.0249821 0.0338639 0.00804183 
-0.00554531 0.00804183 0.0330703 
0.060138 -0.0213787 -0.00469177 
-0.0213787 0.02911 0.00685226 
-0.00469177 0.00685226 0.0284179 
0.0297771 -0.0103753 -0.00137308 
-0.0103753 0.0162912 0.00291011 
-0.00137308 0.00291011 0.0163087 
0.00846241 -0.00195871 0.00340722 
-0.00195871 0.0118208 -0.00106034 
0.00340722 -0.00106034 0.0137732 
0.00616083 -0.000606848 0.00575008 
-0.000606848 0.0148667 -0.00240634 
0.00575008 -0.00240634 0.0178522 
0.0064394 -0.000959176 0.00629146 
-0.000959176 0.0169084 -0.00276779 
0.00629145 -0.00276779 0.0188192 
0.00732659 -0.00309626 0.00641926 
-0.00309626 0.0216458 -0.00329512 
0.00641926 -0.00329512 0.0172796 
0.0136826 -0.0134172 0.00901462 
-0.0134172 0.0492045 -0.00661873 
0.00901461 -0.00661873 0.0162037 
0.0376167 -0.0455909 0.0213839 
-0.0455909 0.145261 -0.0187212 
0.0213839 -0.0187212 0.0262124 
0.0647331 -0.0798211 0.0362644 
-0.0798211 0.251539 -0.0322984 
0.0362644 -0.0322984 0.0422289 
0.0738866 -0.0911648 0.0413673 
-0.0911648 0.287168 -0.0368677 
0.0413673 -0.0368677 0.0480744 
0.074917 -0.0924289 0.0419375 
-0.0924289 0.291151 -0.0373777 
0.0419375 -0.0373777 0.0487381 
0.0741972 -0.0915138 0.0415144 
-0.0915138 0.288276 -0.0370049 
0.0415144 -0.0370048 0.0482561 
0.0726934 -0.089572 0.0406082 
-0.089572 0.282185 -0.0362107 
0.0406082 -0.0362107 0.047234 
0.070184 -0.0862042 0.039001 
-0.0862042 0.271656 -0.0348208 
0.039001 -0.0348208 0.0454637 
0.0663482 -0.0806409 0.0362347 
-0.0806409 0.254376 -0.0324853 
0.0362347 -0.0324853 0.0425473 
0.0613932 -0.0721277 0.0316727 
-0.0721277 0.228264 -0.0287952 
0.0316727 -0.0287952 0.0381077 
0.0572545 -0.060736 0.0246726 
-0.060736 0.194226 -0.0235403 
0.0246726 -0.0235403 0.0322302 
0.0588715 -0.0486204 0.0150642 
-0.0486204 0.160206 -0.017186 
0.0150642 -0.017186 0.0261321 
0.0726419 -0.0400771 0.0037488 
-0.0400771 0.140792 -0.0110986 
0.0037488 -0.0110986 0.0221528 
0.100135 -0.0384246 -0.00736495 
-0.0384246 0.146033 -0.00676273 
-0.00736496 -0.00676273 0.0220138 
0.134175 -0.0426497 -0.016453 
-0.0426497 0.170435 -0.00457682 
-0.0164531 -0.00457682 0.0250194 
0.164564 -0.0488445 -0.02276 
-0.0488445 0.199138 -0.00385536 
-0.02276 -0.00385536 0.0289303 
0.185282 -0.0538345 -0.0264841 
-0.0538345 0.22089 -0.00375414 
-0.0264841 -0.00375414 0.0319854 
0.194806 -0.0562357 -0.0280902 
-0.0562357 0.231158 -0.00377091 
-0.0280902 -0.00377091 0.0334459 
0.19285 -0.0555025 -0.0278059 
-0.0555025 0.22817 -0.00369109 
-0.027806 -0.00369109 0.033033 
0.178707 -0.0511258 -0.025481 
-0.0511258 0.209815 -0.00344036 
-0.025481 -0.00344036 0.0304887 
0.153332 -0.0429022 -0.0208258 
-0.0429022 0.174717 -0.00306167 
-0.0208258 -0.00306167 0.0257853 
0.124451 -0.0322137 -0.0140697 
-0.0322137 0.127417 -0.00279165 
-0.0140697 -0.00279165 0.0199182 
0.106807 -0.0225364 -0.00651788 
-0.0225364 0.0811449 -0.00299837 
-0.00651788 -0.00299837 0.0151147 
0.109784 -0.0169534 5.50696e-05 
-0.0169534 0.0491216 -0.00381437 
5.50691e-05 -0.00381437 0.0131299 
0.127825 -0.0154693 0.00470819 
-0.0154693 0.0336222 -0.00494482 
0.00470819 -0.00494482 0.0136334 
0.149069 -0.0161157 0.00758371 
-0.0161157 0.0285867 -0.00599362 
0.00758371 -0.00599362 0.0151538 
0.166063 -0.0172379 0.00922565 
-0.0172379 0.0278994 -0.00676114 
0.00922565 -0.00676114 0.0166044 
0.176299 -0.0180506 0.0100652 
-0.0180506 0.0282443 -0.00720698 
0.0100652 -0.00720698 0.017532 
0.177998 -0.0181344 0.0102533 
-0.0181344 0.0280571 -0.00728351 
0.0102533 -0.00728351 0.0176744 
0.166197 -0.0168631 0.00959117 
-0.0168631 0.0261308 -0.00677977 
0.00959117 -0.00677977 0.0165442 
0.132921 -0.0132223 0.00759826 
-0.0132223 0.0214133 -0.00527158 
0.00759826 -0.00527158 0.0135577 
0.0808026 -0.00694416 0.00427283 
-0.00694416 0.0153959 -0.00255791 
0.00427283 -0.00255791 0.00964449 
0.0360813 -0.00027986 0.00100843 
-0.00027986 0.0130476 0.000529196 
0.00100843 0.000529196 0.00793282 
0.015999 0.00419208 -0.00093001 
0.00419208 0.0152347 0.00279249 
-0.00093001 0.00279249 0.00906688 
0.0109082 0.00638006 -0.00175863 
0.00638006 0.0181026 0.00399226 
-0.00175863 0.00399226 0.0107115 
0.0100713 0.00719935 -0.00204596 
0.00719935 0.0196089 0.00446882 
-0.00204596 0.00446882 0.0115817 
0.00966058 0.00719493 -0.00207932 
0.00719493 0.0195994 0.00449631 
-0.00207932 0.00449631 0.0115298 
0.00872254 0.00647321 -0.00199163 
0.00647321 0.0184242 0.00423632 
-0.00199163 0.00423632 0.0106213 
0.00728339 0.00505416 -0.00206576 
0.00505416 0.0179131 0.00413456 
-0.00206576 0.00413456 0.00943804 
0.0066117 0.00351563 -0.00304953 
0.00351563 0.0236477 0.00548619 
-0.00304953 0.00548619 0.0102128 
0.00828995 0.00291477 -0.00542628 
0.00291477 0.0398285 0.00922205 
-0.00542628 0.00922205 0.0151183 
0.0112129 0.00321105 -0.00803392 
0.00321105 0.0586064 0.0134175 
-0.00803392 0.0134175 0.0216863 
0.0131649 0.0034761 -0.00948556 
0.0034761 0.0700895 0.0156234 
-0.00948556 0.0156234 0.0262215 
0.0136468 0.00322041 -0.0095942 
0.00322041 0.0734761 0.0153328 
-0.0095942 0.0153328 0.0285288 
0.013142 0.00221876 -0.00859466 
0.00221876 0.0723894 0.0125644 
-0.00859466 0.0125644 0.0306898 
0.0123447 -1.82928e-05 -0.00652413 
-1.82928e-05 0.0718432 0.00652772 
-0.00652413 0.00652772 0.0365043 
0.0124041 -0.0044407 -0.00329875 
-0.0044407 0.0802658 -0.00453158 
-0.00329875 -0.00453158 0.0528199 
0.0149487 -0.0119045 0.000836401 
-0.0119045 0.108668 -0.0218647 
0.000836402 -0.0218647 0.087534 
0.0203423 -0.0213996 0.00490756 
-0.0213996 0.15724 -0.0426636 
0.00490756 -0.0426636 0.137935 
0.0260279 -0.0295101 0.00768711 
-0.0295101 0.204725 -0.0595791 
0.00768711 -0.0595791 0.183835 
0.0291412 -0.0336386 0.00869688 
-0.0336386 0.229534 -0.067443 
0.00869688 -0.067443 0.207081 
0.0292979 -0.0340642 0.00824318 
-0.0340642 0.229716 -0.0669365 
0.00824318 -0.0669365 0.207287 
0.0276077 -0.0323791 0.00676487 
-0.0323791 0.214314 -0.0611431 
0.00676487 -0.0611431 0.193151 
0.0251893 -0.0299821 0.00450972 
-0.0299821 0.19197 -0.0525617 
0.00450972 -0.0525617 0.172579 
0.0228274 -0.0278323 0.00157276 
-0.0278323 0.168571 -0.0427532 
0.00157276 -0.0427532 0.15087 
0.0210629 -0.0265843 -0.00198215 
-0.0265843 0.148168 -0.0327843 
-0.00198215 -0.0327843 0.131659 
0.0202375 -0.0266295 -0.00603661 
-0.0266295 0.133487 -0.0234786 
-0.00603661 -0.0234786 0.117414 
0.0204638 -0.0280542 -0.0103881 
-0.0280542 0.12578 -0.0154256 
-0.0103881 -0.0154256 0.109308 
0.0216096 -0.030623 -0.0147645 
-0.030623 0.124674 -0.00892361 
-0.0147645 -0.00892361 0.107084 
0.0233309 -0.0338231 -0.0188473 
-0.0338231 0.128369 -0.00399299 
-0.0188473 -0.00399299 0.109215 
0.0251124 -0.0368942 -0.0222529 
-0.0368942 0.134007 -0.000488563 
-0.022253 -0.000488564 0.113179 
0.0262799 -0.0387281 -0.0244459 
-0.0387281 0.138127 0.00168734 
-0.0244459 0.00168734 0.11556 
0.0261272 -0.0376256 -0.0246906 
-0.0376256 0.13848 0.00216552 
-0.0246906 0.00216552 0.11228 
0.0246503 -0.0312705 -0.0224306 
-0.0312705 0.140619 -0.000705962 
-0.0224306 -0.000705963 0.100648 
0.0238932 -0.0178539 -0.0183675 
-0.0178539 0.166972 -0.0103245 
-0.0183675 -0.0103245 0.0841873 
0.0272575 0.00142102 -0.0148013 
0.00142102 0.244371 -0.0290614 
-0.0148013 -0.0290614 0.0732527 
0.0351926 0.0215318 -0.0134273 
0.0215318 0.363639 -0.0531467 
-0.0134273 -0.0531467 0.0739695 
0.0438819 0.0369921 -0.0135561 
0.0369921 0.475586 -0.0739268 
-0.0135561 -0.0739268 0.081029 
0.0493971 0.0450653 -0.0133351 
0.0450653 0.533806 -0.0843995 
-0.0133351 -0.0843995 0.085306 
0.0508018 0.0457112 -0.0111043 
0.0457112 0.517628 -0.0816524 
-0.0111043 -0.0816524 0.0813676 
0.0509409 0.0408931 -0.00546963 
0.0408931 0.431214 -0.0661429 
-0.00546963 -0.0661429 0.0688809 
0.0563315 0.0348002 0.00459245 
0.0348002 0.305574 -0.0421372 
0.00459245 -0.0421372 0.0526487 
0.0732538 0.0325748 0.0186413 
0.0325748 0.191935 -0.0175307 
0.0186413 -0.0175307 0.0405438 
0.100231 0.0361386 0.0338779 
0.0361386 0.126572 0.000706499 
0.0338779 0.000706498 0.0370428 
0.128081 0.0426889 0.0467471 
0.0426889 0.105521 0.0111094 
0.0467471 0.0111094 0.0397282 
0.149222 0.0486457 0.0555406 
0.0486457 0.105406 0.0161264 
0.0555406 0.0161264 0.0439151 
0.162271 0.0526109 0.0606825 
0.0526109 0.109982 0.0183794 
0.0606825 0.0183794 0.0471278 
0.169328 0.0548305 0.0633896 
0.0548305 0.113661 0.0193793 
0.0633896 0.0193793 0.0490283 
0.17284 0.0559525 0.0647192 
0.0559525 0.115776 0.0198253 
0.0647192 0.0198253 0.0500122 
0.174493 0.0564846 0.0653413 
0.0564846 0.116833 0.0200241 
0.0653413 0.0200241 0.0504839 
0.175241 0.0567261 0.065622 
0.0567261 0.117324 0.0201116 
0.065622 0.0201116 0.050699 
0.175569 0.0568321 0.0657448 
0.0568321 0.117542 0.0201496 
0.0657448 0.0201496 0.0507935 
