4  8
0.120004  0.214512  0.110575  0.105478  0.140134  0.0807055  0.120145  0.108447  
6.5003  -1.42024  -3.62908  2.44015  
23.7015  -2.46682  -6.53882  4.72982  
39.0914  -0.793477  -3.16395  6.44355  
50.2164  0.398374  3.11735  7.02131  
62.5364  -0.512494  5.66283  6.1245  
73.8086  -0.796297  4.36292  6.20512  
83.4595  -0.321691  2.98716  6.95997  
94.6912  -0.853586  1.94473  7.56935  
11.9187  -2.9444  -7.57835  5.05052  
-2.9444  0.765584  1.89891  -1.2647  
-7.57835  1.89891  4.98637  -3.20445  
5.05052  -1.2647  -3.20445  2.24534  
47.822  1.14224  1.62066  1.30505  
1.14224  0.118832  0.0444914  0.0803495  
1.62066  0.0444914  0.283476  0.262416  
1.30505  0.0803495  0.262416  0.27867  
26.5882  3.09215  5.15586  1.13755  
3.09215  0.633711  1.12643  0.280366  
5.15586  1.12643  3.04395  0.77531  
1.13755  0.280366  0.77531  0.217045  
20.6875  -0.0689947  4.81776  -0.572012  
-0.0689947  0.20362  -0.0048433  0.0120825  
4.81776  -0.0048433  2.40432  -0.315693  
-0.572012  0.0120825  -0.315693  0.0806861  
25.738  -0.878726  -0.240078  -0.393942  
-0.878726  0.125536  0.0218494  0.0402902  
-0.240078  0.0218494  0.17748  -0.0972136  
-0.393942  0.0402902  -0.0972136  0.0844707  
17.1404  0.728246  -0.484244  -0.267996  
0.728246  0.111845  -0.146668  0.0287415  
-0.484244  -0.146668  0.324026  -0.0780702  
-0.267996  0.0287415  -0.0780702  0.0494131  
22.4527  -0.499532  -2.55521  2.23059  
-0.499532  0.54255  0.447954  -0.335448  
-2.55521  0.447954  1.01508  -0.571032  
2.23059  -0.335448  -0.571032  0.446775  
14.0585  0.413955  -1.74384  0.059587  
0.413955  0.0412694  -0.0363762  0.0131385  
-1.74384  -0.0363762  0.562895  -0.0530935  
0.059587  0.0131385  -0.0530935  0.0178683  
