3,3,95
0.0546023 -0.0213903 0.000657715 
-0.0213903 0.0186681 0.00362514 
0.000657715 0.00362514 0.0368058 
0.0545986 -0.0213889 0.000657671 
-0.0213889 0.0186668 0.00362489 
0.000657671 0.00362489 0.0368033 
0.0545915 -0.0213861 0.000657587 
-0.0213861 0.0186644 0.00362442 
0.000657587 0.00362442 0.0367986 
0.0545773 -0.0213806 0.000657417 
-0.0213806 0.0186596 0.00362346 
0.000657417 0.00362346 0.0367889 
0.0545462 -0.0213684 0.000657054 
-0.0213684 0.018649 0.00362137 
0.000657054 0.00362137 0.036768 
0.0544693 -0.0213385 0.000656179 
-0.0213385 0.0186233 0.00361609 
0.000656179 0.00361609 0.0367159 
0.0542128 -0.0212394 0.000653343 
-0.0212394 0.0185385 0.00359815 
0.000653343 0.00359815 0.0365421 
0.052951 -0.0207527 0.000636908 
-0.0207527 0.0181259 0.00350935 
0.000636908 0.00350935 0.0356786 
0.0467939 -0.0183574 0.000403135 
-0.0183574 0.0161509 0.00310778 
0.000403135 0.00310778 0.0310875 
0.0400826 -0.0151901 -0.00317198 
-0.0151901 0.0145703 0.00343161 
-0.00317198 0.00343162 0.0180604 
0.0811952 -0.0285024 -0.016866 
-0.0285024 0.0300881 0.0096972 
-0.016866 0.0096972 0.012016 
0.127138 -0.0441031 -0.0280811 
-0.0441031 0.046818 0.0157347 
-0.0280811 0.0157347 0.0150891 
0.14162 -0.0494446 -0.031217 
-0.0494446 0.0528661 0.0173045 
-0.031217 0.0173045 0.0165691 
0.136533 -0.0494868 -0.0291726 
-0.0494868 0.0547374 0.0153454 
-0.0291726 0.0153454 0.0160928 
0.117487 -0.0515 -0.0205331 
-0.0515 0.0655648 0.00664083 
-0.0205331 0.00664083 0.0145458 
0.113103 -0.0886967 0.000287036 
-0.0886967 0.144117 -0.0224046 
0.000287036 -0.0224046 0.0170775 
0.189914 -0.203629 0.0285223 
-0.203629 0.355245 -0.0778856 
0.0285223 -0.0778856 0.0329745 
0.265226 -0.291878 0.0436774 
-0.291878 0.511647 -0.114292 
0.0436774 -0.114292 0.0466404 
0.28555 -0.314496 0.0471534 
-0.314496 0.551374 -0.123235 
0.0471534 -0.123235 0.0502341 
0.288044 -0.317246 0.0475676 
-0.317246 0.556198 -0.124315 
0.0475676 -0.124315 0.0506733 
0.287606 -0.316762 0.0474961 
-0.316762 0.555346 -0.124125 
0.0474961 -0.124125 0.0505963 
0.286342 -0.315364 0.0472903 
-0.315364 0.552888 -0.123577 
0.0472903 -0.123577 0.0503743 
0.284057 -0.312828 0.0469226 
-0.312828 0.548421 -0.122585 
0.0469226 -0.122585 0.0499736 
0.280057 -0.308362 0.0462929 
-0.308362 0.540519 -0.12084 
0.0462929 -0.12084 0.0492738 
0.273255 -0.300678 0.0452669 
-0.300678 0.526825 -0.117843 
0.0452669 -0.117843 0.0480897 
0.262234 -0.287952 0.0437427 
-0.287952 0.503836 -0.112901 
0.0437427 -0.112901 0.0461884 
0.245809 -0.268163 0.0418874 
-0.268163 0.467178 -0.105274 
0.0418874 -0.105274 0.0434082 
0.224822 -0.240484 0.0407241 
-0.240484 0.413372 -0.0947704 
0.0407241 -0.0947704 0.0400094 
0.205452 -0.208191 0.0430535 
-0.208191 0.344085 -0.0829395 
0.0430535 -0.0829395 0.0373063 
0.20146 -0.181334 0.0537235 
-0.181334 0.27103 -0.0741026 
0.0537235 -0.0741026 0.038048 
0.228535 -0.17361 0.0771324 
-0.17361 0.214081 -0.0738962 
0.0771324 -0.0738962 0.0452257 
0.289754 -0.191378 0.112292 
-0.191378 0.187819 -0.0845902 
0.112292 -0.0845902 0.0591926 
0.368636 -0.22653 0.151414 
-0.22653 0.189649 -0.102254 
0.151414 -0.102254 0.0764085 
0.441382 -0.263614 0.185146 
-0.263614 0.204921 -0.120029 
0.185146 -0.120029 0.0920061 
0.492273 -0.291047 0.208007 
-0.291047 0.219971 -0.132951 
0.208007 -0.132951 0.102873 
0.516574 -0.304331 0.218867 
-0.304331 0.22776 -0.139219 
0.218867 -0.139219 0.108174 
0.515321 -0.303162 0.218653 
-0.303162 0.226138 -0.138849 
0.218653 -0.138849 0.108277 
0.490642 -0.288365 0.208539 
-0.288365 0.214891 -0.132338 
0.208539 -0.132338 0.103842 
0.444326 -0.260759 0.189504 
-0.260759 0.194325 -0.120204 
0.189504 -0.120204 0.0956127 
0.379033 -0.22172 0.162952 
-0.22172 0.165381 -0.10329 
0.162952 -0.10329 0.0847676 
0.300783 -0.174576 0.131799 
-0.174576 0.13054 -0.0834176 
0.131799 -0.0834176 0.0734437 
0.220469 -0.125532 0.101017 
-0.125532 0.0944569 -0.0637192 
0.101017 -0.0637192 0.0647873 
0.151483 -0.0824154 0.0763796 
-0.0824154 0.0629653 -0.0478523 
0.0763796 -0.0478523 0.0618283 
0.103407 -0.0510833 0.0615432 
-0.0510833 0.0403717 -0.0381577 
0.0615432 -0.0381577 0.0655621 
0.0771985 -0.0325539 0.056087 
-0.0325539 0.0273244 -0.0344097 
0.056087 -0.0344097 0.0741341 
0.0668352 -0.0237435 0.0566247 
-0.0237435 0.0214173 -0.0345017 
0.0566247 -0.0345017 0.0842175 
0.0647856 -0.0204803 0.0594928 
-0.0204803 0.019483 -0.0361328 
0.0594928 -0.0361328 0.0930712 
0.0656946 -0.0196513 0.0623522 
-0.0196513 0.019196 -0.0378221 
0.0623522 -0.0378221 0.0994062 
0.0668425 -0.019573 0.0641975 
-0.019573 0.0193268 -0.038924 
0.0641975 -0.038924 0.103022 
0.0671478 -0.0195084 0.06474 
-0.0195084 0.0193608 -0.0392462 
0.06474 -0.0392462 0.104117 
0.0662059 -0.0191557 0.0638892 
-0.0191557 0.0191154 -0.0387259 
0.0638892 -0.0387259 0.102815 
0.0637715 -0.0183455 0.0614976 
-0.0183455 0.0185391 -0.0372684 
0.0614976 -0.0372684 0.098971 
0.0596123 -0.0169057 0.0573197 
-0.0169057 0.0176742 -0.0347173 
0.0573197 -0.0347173 0.092211 
0.0536376 -0.014626 0.0511526 
-0.014626 0.0167464 -0.0309352 
0.0511526 -0.0309352 0.0821878 
0.0462323 -0.0112986 0.0431417 
-0.0112986 0.0163239 -0.0259849 
0.0431417 -0.0259849 0.069083 
0.0385816 -0.00682932 0.0341161 
-0.00682932 0.0173782 -0.0203342 
0.0341161 -0.0203342 0.0541551 
0.0325114 -0.00138511 0.0255775 
-0.00138511 0.0209574 -0.0148646 
0.0255775 -0.0148646 0.0397581 
0.0295661 0.00454099 0.0190508 
0.00454099 0.0274397 -0.0105041 
0.0190508 -0.0105041 0.028355 
0.0299874 0.0102644 0.0152153 
0.0102644 0.0360075 -0.00771379 
0.0152153 -0.0077138 0.0211481 
0.0326826 0.0151842 0.0136804 
0.0151842 0.0450227 -0.00633088 
0.0136804 -0.00633089 0.0176708 
0.036125 0.0189777 0.0135239 
0.0189777 0.0529467 -0.00585963 
0.0135239 -0.00585964 0.016574 
0.0391626 0.0215943 0.0139054 
0.0215943 0.058907 -0.00582758 
0.0139054 -0.0058276 0.016574 
0.0412109 0.0231211 0.0143033 
0.0231211 0.0626544 -0.00594167 
0.0143033 -0.00594168 0.0168491 
0.0420727 0.023642 0.0144652 
0.023642 0.0642663 -0.00608872 
0.0144652 -0.00608873 0.0169975 
0.0417422 0.0231397 0.0142964 
0.0231397 0.0639452 -0.00631476 
0.0142964 -0.00631477 0.016892 
0.0403653 0.021431 0.0138042 
0.021431 0.0620602 -0.0068689 
0.0138042 -0.00686891 0.0166196 
0.0384027 0.0181243 0.0131282 
0.0181243 0.0594796 -0.00834413 
0.0131282 -0.00834414 0.0165559 
0.0369525 0.0126264 0.0126375 
0.0126264 0.0581278 -0.0118685 
0.0126375 -0.0118685 0.0175342 
0.0379623 0.00429172 0.0129968 
0.00429172 0.0613175 -0.0191144 
0.0129968 -0.0191144 0.0209116 
0.0437576 -0.00718283 0.015002 
-0.00718283 0.0729127 -0.0317045 
0.015002 -0.0317045 0.0281564 
0.0556049 -0.0212375 0.0190852 
-0.0212375 0.0948837 -0.0499447 
0.0190852 -0.0499447 0.039826 
0.0723595 -0.0363087 0.0248513 
-0.0363087 0.12507 -0.0719086 
0.0248513 -0.0719086 0.0547239 
0.0908629 -0.050441 0.0312148 
-0.050441 0.157945 -0.0941621 
0.0312148 -0.0941621 0.0703375 
0.107864 -0.0621953 0.0370594 
-0.0621953 0.187924 -0.113628 
0.0370594 -0.113628 0.0842722 
0.121507 -0.0710688 0.0417486 
-0.0710688 0.211879 -0.128802 
0.0417486 -0.128802 0.0952677 
0.131436 -0.0772893 0.0451609 
-0.0772893 0.229269 -0.139657 
0.0451609 -0.139657 0.103191 
0.138123 -0.0813847 0.0474588 
-0.0813847 0.240963 -0.146892 
0.0474588 -0.146892 0.108495 
0.142181 -0.0838376 0.048853 
-0.0838376 0.248051 -0.151256 
0.048853 -0.151256 0.111702 
0.14388 -0.0848557 0.0494361 
-0.0848557 0.251006 -0.153072 
0.0494361 -0.153072 0.113038 
0.142765 -0.084152 0.0490463 
-0.084152 0.24896 -0.151815 
0.0490463 -0.151815 0.112113 
0.137385 -0.0806602 0.0471595 
-0.0806602 0.23898 -0.145636 
0.0471595 -0.145636 0.107585 
0.126054 -0.0723834 0.0430765 
-0.0723834 0.216264 -0.131315 
0.0430765 -0.131315 0.0971843 
0.110991 -0.0572477 0.0371572 
-0.0572477 0.178426 -0.106406 
0.0371572 -0.106406 0.0794735 
0.104963 -0.0358519 0.0329635 
-0.0358519 0.134917 -0.0746385 
0.0329635 -0.0746385 0.0579669 
0.125342 -0.0133545 0.0358586 
-0.0133545 0.106635 -0.0472653 
0.0358586 -0.0472653 0.0415294 
0.171249 0.0044109 0.0462964 
0.0044109 0.103791 -0.0323779 
0.0462964 -0.0323779 0.0354415 
0.222855 0.0157779 0.0590534 
0.0157779 0.116505 -0.0278696 
0.0590534 -0.0278696 0.0366858 
0.264566 0.0222929 0.0696826 
0.0222929 0.131724 -0.028024 
0.0696826 -0.028024 0.0402039 
0.293066 0.0259048 0.0770449 
0.0259048 0.143675 -0.0293226 
0.0770449 -0.0293226 0.0433968 
0.311115 0.0279235 0.0817397 
0.0279235 0.151741 -0.030527 
0.0817397 -0.030527 0.0456717 
0.322263 0.0290809 0.0846499 
0.0290809 0.156888 -0.031398 
0.0846499 -0.031398 0.0471608 
0.329155 0.029765 0.0864529 
0.029765 0.160128 -0.031981 
0.0864529 -0.031981 0.0481109 
0.333472 0.030182 0.0875836 
0.030182 0.16218 -0.0323627 
0.0875836 -0.0323627 0.0487169 
0.336222 0.030443 0.0883042 
0.030443 0.163494 -0.0326122 
0.0883042 -0.0326122 0.0491071 
0.337996 0.0306097 0.0887696 
0.0306097 0.164346 -0.0327758 
0.0887696 -0.0327758 0.0493607 
