3,3,100
0.0269216 -0.000583838 0.00156262 
-0.000583838 0.106024 0.049573 
0.00156256 0.049573 0.0756313 
0.0269154 -0.000583702 0.00156226 
-0.000583702 0.105999 0.0495615 
0.0015622 0.0495615 0.0756137 
0.0268975 -0.000583313 0.00156122 
-0.000583313 0.105929 0.0495286 
0.00156116 0.0495286 0.0755635 
0.026841 -0.00058206 0.00155793 
-0.00058206 0.105706 0.0494245 
0.00155787 0.0494245 0.0754048 
0.0266519 -0.000577588 0.00154673 
-0.000577588 0.104962 0.0490756 
0.00154668 0.0490756 0.0748735 
0.0260127 -0.000558837 0.00150668 
-0.000558837 0.102444 0.047888 
0.00150662 0.047888 0.0730751 
0.0239705 -0.000455668 0.00135239 
-0.000455668 0.0943966 0.0440008 
0.00135233 0.0440008 0.0673069 
0.0187055 0.000223135 0.000703007 
0.000223135 0.0736202 0.0330899 
0.000702966 0.0330899 0.0522193 
0.0112116 0.00354109 -0.00165496 
0.00354109 0.0438731 0.0124904 
-0.00165498 0.0124904 0.0295071 
0.00876718 0.0106301 -0.00608367 
0.0106301 0.0337248 -0.00717159 
-0.00608367 -0.00717159 0.0189407 
0.010432 0.0162806 -0.00944055 
0.0162806 0.0398581 -0.0163374 
-0.00944055 -0.0163374 0.0206341 
0.0112625 0.0179998 -0.0104141 
0.0179998 0.0429958 -0.0184797 
-0.0104141 -0.0184797 0.0220746 
0.0107231 0.0171274 -0.00981514 
0.0171274 0.0409261 -0.0173884 
-0.00981514 -0.0173884 0.0210759 
0.00918458 0.0145443 -0.00808091 
0.0145443 0.0350339 -0.0141345 
-0.00808091 -0.0141345 0.0182591 
0.0069604 0.0106837 -0.00526152 
0.0106837 0.0264971 -0.00869746 
-0.00526152 -0.00869746 0.0143863 
0.00489738 0.00675014 -0.00174816 
0.00675014 0.018524 -0.00155639 
-0.00174816 -0.00155639 0.0113659 
0.0041735 0.00463852 0.00134775 
0.00463852 0.0156124 0.00530057 
0.00134775 0.00530057 0.0114919 
0.00466465 0.00452578 0.00318425 
0.00452578 0.0173471 0.00984294 
0.00318425 0.00984294 0.013912 
0.00526661 0.00496363 0.00396842 
0.00496363 0.019563 0.0119845 
0.00396842 0.0119845 0.0159437 
0.00554184 0.00520678 0.00422119 
0.00520678 0.0205831 0.0127151 
0.00422119 0.0127151 0.0168003 
0.00558071 0.00525164 0.00424728 
0.00525164 0.0207299 0.0127884 
0.00424728 0.0127884 0.0168912 
0.00550183 0.00521783 0.00415609 
0.00521783 0.0204479 0.0125037 
0.00415609 0.0125037 0.0165327 
0.00540158 0.00527216 0.00396443 
0.00527216 0.0201157 0.0118903 
0.00396443 0.0118903 0.0157893 
0.00551529 0.0058671 0.00367233 
0.0058671 0.0206702 0.0108917 
0.00367233 0.0108917 0.0146895 
0.00648953 0.00816915 0.00333883 
0.00816915 0.0246639 0.00954939 
0.00333883 0.00954939 0.0135386 
0.00956732 0.014325 0.00315193 
0.014325 0.0369787 0.00819088 
0.00315193 0.00819088 0.0132078 
0.0161001 0.0265748 0.00338861 
0.0265748 0.0628977 0.00741361 
0.00338861 0.00741361 0.0149213 
0.0262036 0.0449567 0.00419178 
0.0449567 0.102835 0.00766447 
0.00419178 0.00766447 0.0192376 
0.0380065 0.0660994 0.00538669 
0.0660994 0.149423 0.00880763 
0.00538669 0.00880763 0.0252555 
0.0487193 0.0851213 0.00660017 
0.0851213 0.191759 0.0102594 
0.00660017 0.0102594 0.0311957 
0.0561242 0.0981667 0.00751314 
0.0981667 0.221374 0.0114525 
0.00751314 0.0114525 0.0355312 
0.05893 0.102919 0.00798629 
0.102919 0.233971 0.0121126 
0.00798629 0.0121126 0.0374579 
0.0564647 0.0979082 0.00812288 
0.0979082 0.22913 0.0123978 
0.00812288 0.0123978 0.0369624 
0.0489055 0.0826883 0.00845379 
0.0826883 0.21282 0.0132093 
0.00845379 0.0132093 0.0353216 
0.0384004 0.0597404 0.0101239 
0.0597404 0.202317 0.0164722 
0.0101239 0.0164722 0.035886 
0.029338 0.0358655 0.0143138 
0.0358655 0.221244 0.0241112 
0.0143138 0.0241112 0.0428053 
0.0253135 0.0187088 0.0206078 
0.0187088 0.275385 0.035294 
0.0206078 0.035294 0.0562424 
0.0258642 0.0110396 0.0265657 
0.0110396 0.339915 0.0457886 
0.0265657 0.0457886 0.0703327 
0.0282234 0.0110489 0.0298197 
0.0110489 0.385143 0.0515772 
0.0298197 0.0515772 0.0786463 
0.0308403 0.0168124 0.0296889 
0.0168124 0.402205 0.0515737 
0.0296889 0.0515737 0.0790819 
0.0341918 0.028454 0.0267963 
0.028454 0.401614 0.0469334 
0.0267963 0.0469334 0.0732252 
0.0399089 0.0476797 0.0222325 
0.0476797 0.402353 0.0396126 
0.0222325 0.0396126 0.0641182 
0.0497504 0.0763112 0.0171608 
0.0763112 0.423883 0.0316738 
0.0171608 0.0316738 0.0550195 
0.0645034 0.114314 0.0126288 
0.114314 0.478733 0.0249205 
0.0126288 0.0249205 0.0486417 
0.0829565 0.158049 0.00932484 
0.158049 0.564763 0.0204292 
0.00932484 0.0204292 0.0462852 
0.101748 0.200263 0.00737877 
0.200263 0.662866 0.0182004 
0.00737877 0.0182004 0.047353 
0.116534 0.23238 0.00642995 
0.23238 0.74447 0.0173222 
0.00642995 0.0173222 0.0499153 
0.123641 0.247425 0.00592455 
0.247425 0.783712 0.0165251 
0.00592455 0.0165251 0.0520301 
0.121117 0.241637 0.00538787 
0.241637 0.765759 0.0146257 
0.00538787 0.0146257 0.0529437 
0.109096 0.214907 0.00453193 
0.214907 0.689973 0.0106238 
0.00453193 0.0106238 0.0538104 
0.0901183 0.171353 0.00325618 
0.171353 0.571859 0.0036718 
0.00325618 0.0036718 0.0579596 
0.069172 0.119808 0.00163081 
0.119808 0.442918 -0.00672298 
0.00163081 -0.00672298 0.0700883 
0.0521695 0.0717931 -0.000134086 
0.0717931 0.340424 -0.020156 
-0.000134086 -0.020156 0.0934106 
0.0427564 0.0361209 -0.00177691 
0.0361209 0.286814 -0.0349732 
-0.00177691 -0.0349732 0.126174 
0.0404283 0.0147148 -0.00310625 
0.0147148 0.277885 -0.0488586 
-0.00310625 -0.0488586 0.16176 
0.0421075 0.00404364 -0.00406293 
0.00404364 0.293309 -0.060052 
-0.00406293 -0.060052 0.193119 
0.0449045 -0.000561053 -0.00469033 
-0.000561053 0.314468 -0.0679989 
-0.00469033 -0.0679989 0.216589 
0.0472972 -0.00235927 -0.00507018 
-0.00235927 0.331823 -0.0730563 
-0.00507018 -0.0730563 0.231986 
0.048815 -0.00301588 -0.00527683 
-0.00301588 0.342617 -0.0758593 
-0.00527683 -0.0758593 0.240663 
0.0494103 -0.00323065 -0.00536157 
-0.00323065 0.346551 -0.0768546 
-0.00536157 -0.0768546 0.24378 
0.0491079 -0.00325903 -0.00536898 
-0.00325903 0.342919 -0.0760521 
-0.00536898 -0.0760521 0.241364 
0.0481354 -0.00319108 -0.00542541 
-0.00319108 0.329342 -0.0728943 
-0.00542541 -0.0728943 0.232003 
0.0479609 -0.00311474 -0.00602437 
-0.00311474 0.302179 -0.0662709 
-0.00602437 -0.0662709 0.213529 
0.0537864 -0.00328472 -0.00863944 
-0.00328472 0.259785 -0.0549437 
-0.00863944 -0.0549437 0.185737 
0.0768312 -0.00426169 -0.016213 
-0.00426169 0.208461 -0.0386435 
-0.016213 -0.0386435 0.154846 
0.129719 -0.00669786 -0.0318472 
-0.00669786 0.164051 -0.0192106 
-0.0318472 -0.0192106 0.133794 
0.212832 -0.0106513 -0.0553028 
-0.0106513 0.141028 -0.000129182 
-0.0553028 -0.000129184 0.132478 
0.308538 -0.0152768 -0.0817036 
-0.0152768 0.14 0.015597 
-0.0817036 0.015597 0.148267 
0.393945 -0.0194605 -0.104982 
-0.0194605 0.150605 0.0267956 
-0.104982 0.0267956 0.170158 
0.453994 -0.0225171 -0.12122 
-0.0225171 0.162122 0.0336206 
-0.12122 0.0336206 0.1882 
0.481999 -0.0243586 -0.128649 
-0.0243586 0.16828 0.0363981 
-0.128649 0.0363981 0.196723 
0.475461 -0.0256906 -0.12637 
-0.0256906 0.167335 0.0347249 
-0.12637 0.0347249 0.193256 
0.43828 -0.0291102 -0.114619 
-0.0291103 0.16411 0.0268201 
-0.114619 0.0268201 0.179281 
0.394116 -0.0411436 -0.0978757 
-0.0411436 0.176597 0.00936235 
-0.0978757 0.00936234 0.165606 
0.39489 -0.0714817 -0.0875553 
-0.0714817 0.236159 -0.02058 
-0.0875553 -0.02058 0.175175 
0.48331 -0.123176 -0.0947573 
-0.123176 0.359013 -0.060559 
-0.0947573 -0.060559 0.225392 
0.634857 -0.18343 -0.116952 
-0.18343 0.514023 -0.100993 
-0.116952 -0.100993 0.302747 
0.782876 -0.234267 -0.141414 
-0.234267 0.649708 -0.132541 
-0.141414 -0.132541 0.375829 
0.886857 -0.267733 -0.15938 
-0.267733 0.74062 -0.152478 
-0.15938 -0.152478 0.426474 
0.941742 -0.284893 -0.169034 
-0.284893 0.787665 -0.162519 
-0.169034 -0.162519 0.453053 
0.949784 -0.287326 -0.170439 
-0.287326 0.794897 -0.164094 
-0.170439 -0.164094 0.456951 
0.899499 -0.271033 -0.161491 
-0.271033 0.754597 -0.155782 
-0.161491 -0.155782 0.432648 
0.767028 -0.224701 -0.138211 
-0.224701 0.653428 -0.134833 
-0.138211 -0.134833 0.368241 
0.557128 -0.137492 -0.10241 
-0.137492 0.514459 -0.105896 
-0.10241 -0.105896 0.264697 
0.34671 -0.0186799 -0.0689888 
-0.0186799 0.423766 -0.0865995 
-0.0689888 -0.0865995 0.157512 
0.216258 0.0975986 -0.0516189 
0.0975986 0.433566 -0.0878247 
-0.0516189 -0.0878247 0.0864639 
0.162564 0.179908 -0.0471801 
0.179908 0.491004 -0.0989874 
-0.0471801 -0.0989874 0.0534971 
0.140519 0.215621 -0.0455219 
0.215621 0.517747 -0.104151 
-0.0455219 -0.104151 0.0397147 
0.116892 0.200533 -0.039599 
0.200533 0.464432 -0.0931237 
-0.039599 -0.0931237 0.0305492 
0.0799374 0.137573 -0.0273739 
0.137573 0.321928 -0.0635653 
-0.0273739 -0.0635653 0.0200578 
0.0426668 0.0582099 -0.0141321 
0.0582099 0.158332 -0.0285171 
-0.0141321 -0.0285171 0.0101726 
0.0252053 0.00771618 -0.00740965 
0.00771618 0.0684804 -0.0074619 
-0.00740965 -0.0074619 0.00537745 
0.0234061 -0.0101844 -0.00626204 
-0.0101844 0.0471823 -0.000832363 
-0.00626204 -0.000832363 0.00460661 
0.0249937 -0.014716 -0.00654938 
-0.014716 0.0467436 0.000460438 
-0.00654938 0.000460438 0.00483478 
0.0260064 -0.0158176 -0.00679667 
-0.0158176 0.0481587 0.000656632 
-0.00679667 0.000656632 0.00501959 
0.0264047 -0.0161143 -0.00689881 
-0.0161143 0.0488447 0.000685821 
-0.00689881 0.000685821 0.00509525 
0.0265369 -0.0162002 -0.00693316 
-0.0162002 0.0490844 0.000691067 
-0.00693316 0.000691067 0.00512064 
0.0265771 -0.0162252 -0.00694366 
-0.0162252 0.0491585 0.000692268 
-0.00694366 0.000692268 0.00512839 
0.0265887 -0.0162323 -0.00694669 
-0.0162323 0.0491799 0.000692582 
-0.00694669 0.000692582 0.00513063 
0.0265919 -0.0162342 -0.00694753 
-0.0162342 0.0491858 0.000692666 
-0.00694753 0.000692666 0.00513125 
