4  11
0.094061  0.0501576  0.126269  0.106706  0.0975117  0.0808602  0.075265  0.102158  0.0986686  0.0603992  0.107943  
4.97507  1.94307  0.0821065  4.22129  
11.9726  0.0320956  0.351161  0.101466  
20.5421  -0.300432  1.40175  -0.577092  
31.1737  -1.89765  1.60141  -0.700264  
40.6063  -0.57665  -0.226094  -0.0637342  
49.605  0.0697273  -0.132122  -0.104151  
56.9734  -0.243873  -0.159958  0.223567  
66.3769  -0.191646  -1.17476  0.618096  
73.6411  0.12811  -0.967976  0.362264  
82.7186  -0.0857334  -0.919622  0.425129  
89.9488  0.731908  0.215592  0.098546  
6.6333  -2.45152  0.403896  -5.2367  
-2.45152  0.978411  -0.175004  1.92966  
0.403896  -0.175004  0.0594688  -0.310573  
-5.2367  1.92966  -0.310573  4.16822  
2.60568  -0.275945  0.15658  -0.558675  
-0.275945  0.0365821  -0.0166114  0.0668221  
0.15658  -0.0166114  0.0276324  -0.0366997  
-0.558675  0.0668221  -0.0366997  0.143643  
16.7908  -0.775686  1.49174  -0.414532  
-0.775686  0.112064  -0.162975  0.0618318  
1.49174  -0.162975  0.428819  -0.0748672  
-0.414532  0.0618318  -0.0748672  0.0598324  
17.8332  -0.711387  -2.49373  1.16801  
-0.711387  0.25162  0.0351707  -0.078926  
-2.49373  0.0351707  0.613281  -0.167568  
1.16801  -0.078926  -0.167568  0.114756  
12.0502  1.22763  -0.0818307  0.460364  
1.22763  0.325611  -0.0287191  0.0585142  
-0.0818307  -0.0287191  0.0318481  -0.0113426  
0.460364  0.0585142  -0.0113426  0.0374714  
7.65403  0.176348  0.0553977  -0.105921  
0.176348  0.0151827  0.00968775  -0.00484078  
0.0553977  0.00968775  0.0230243  0.00443195  
-0.105921  -0.00484078  0.00443195  0.0148356  
8.71708  -0.361802  -0.931461  0.146302  
-0.361802  0.0326492  0.0437098  -0.0191339  
-0.931461  0.0437098  0.192868  0.00643182  
0.146302  -0.0191339  0.00643182  0.0360588  
23.0747  0.339465  -1.16111  1.44066  
0.339465  0.0467958  -0.0652701  0.0346239  
-1.16111  -0.0652701  0.389749  -0.171262  
1.44066  0.0346239  -0.171262  0.389403  
21.3444  -1.04174  0.293069  -1.69166  
-1.04174  0.0899595  -0.0728418  0.04379  
0.293069  -0.0728418  0.203884  -0.0161561  
-1.69166  0.04379  -0.0161561  0.301558  
9.5146  -0.473387  0.630683  0.614851  
-0.473387  0.109421  0.0533412  -0.0545564  
0.630683  0.0533412  1.01297  -0.115329  
0.614851  -0.0545564  -0.115329  0.187852  
12.7668  -0.652491  -0.292407  -0.42826  
-0.652491  0.209153  0.0718546  0.0877206  
-0.292407  0.0718546  0.124399  0.0299854  
-0.42826  0.0877206  0.0299854  0.0652281  
