3,3,100
0.0371325 0.0259957 -0.0165184 
0.0259955 0.163057 0.00670589 
-0.0165184 0.00670566 0.102255 
0.0370857 0.0259618 -0.0164958 
0.0259617 0.162849 0.0067013 
-0.0164958 0.00670107 0.102126 
0.0369648 0.0258741 -0.0164373 
0.025874 0.162309 0.00669025 
-0.0164373 0.00669002 0.101793 
0.0367475 0.0257154 -0.0163306 
0.0257153 0.161335 0.00667342 
-0.0163306 0.00667319 0.101193 
0.0363911 0.0254527 -0.0161517 
0.0254526 0.159731 0.00665459 
-0.0161517 0.00665437 0.10021 
0.0358226 0.0250268 -0.0158558 
0.0250267 0.157151 0.00664848 
-0.0158558 0.00664826 0.0986399 
0.0349241 0.0243345 -0.0153585 
0.0243344 0.153017 0.00670525 
-0.0153585 0.00670503 0.0961558 
0.033526 0.0232013 -0.0144984 
0.0232012 0.146419 0.0069869 
-0.0144984 0.00698669 0.0922818 
0.0314617 0.0213555 -0.0129624 
0.0213554 0.136162 0.00799949 
-0.0129624 0.0079993 0.086535 
0.0288575 0.0184609 -0.010152 
0.0184609 0.121539 0.0112345 
-0.010152 0.0112344 0.0791972 
0.0269848 0.0143706 -0.0050338 
0.0143706 0.105048 0.0205081 
-0.0050338 0.0205079 0.0736089 
0.0293837 0.00972849 0.00364577 
0.00972845 0.0967768 0.0428034 
0.00364577 0.0428033 0.0792337 
0.0401434 0.00617587 0.0159508 
0.00617585 0.111049 0.0830832 
0.0159508 0.0830831 0.107143 
0.057459 0.00481418 0.0290379 
0.00481418 0.146974 0.132842 
0.0290379 0.132842 0.152734 
0.073491 0.00491805 0.0390508 
0.00491805 0.184295 0.174194 
0.0390508 0.174194 0.195156 
0.0835395 0.00532528 0.0447992 
0.00532528 0.208705 0.198929 
0.0447992 0.198929 0.221799 
0.0884058 0.00559027 0.0474786 
0.00559027 0.220727 0.210673 
0.0474786 0.210673 0.234712 
0.0903969 0.00570968 0.0485579 
0.00570968 0.225679 0.21544 
0.0485579 0.21544 0.239997 
0.0911022 0.00575348 0.048938 
0.00575348 0.227438 0.217124 
0.048938 0.217124 0.24187 
0.0912823 0.00576503 0.0490349 
0.00576503 0.227888 0.217554 
0.0490349 0.217554 0.242348 
0.0912277 0.00576248 0.0490056 
0.00576248 0.227754 0.217423 
0.0490056 0.217423 0.242202 
0.091008 0.00575169 0.0488876 
0.00575169 0.227214 0.216899 
0.0488876 0.216899 0.241615 
0.0905852 0.00573498 0.0486605 
0.00573498 0.226185 0.215889 
0.0486605 0.215889 0.240481 
0.0898489 0.00571974 0.048265 
0.00571974 0.22443 0.214129 
0.048265 0.214129 0.238492 
0.0886213 0.0057359 0.0476057 
0.0057359 0.221616 0.211185 
0.0476057 0.211185 0.23513 
0.0866629 0.00588046 0.0465542 
0.00588046 0.217442 0.206465 
0.0465542 0.206465 0.229636 
0.0837193 0.00642267 0.0449741 
0.00642267 0.212037 0.199309 
0.0449741 0.199309 0.221022 
0.0796673 0.00802118 0.0428005 
0.00802118 0.20687 0.189293 
0.0428005 0.189293 0.208229 
0.0748224 0.0120844 0.040205 
0.0120844 0.206436 0.176901 
0.040205 0.176901 0.190569 
0.0703738 0.0211589 0.0378306 
0.0211589 0.2203 0.16449 
0.0378306 0.16449 0.168488 
0.0686474 0.0388997 0.0369323 
0.0388997 0.263631 0.156922 
0.0369323 0.156922 0.144308 
0.0726237 0.0689467 0.0391168 
0.0689467 0.353083 0.160636 
0.0391168 0.160636 0.122154 
0.0844669 0.112679 0.0455488 
0.112679 0.497373 0.180548 
0.0455488 0.180548 0.106408 
0.103946 0.167354 0.0560996 
0.167354 0.688651 0.216635 
0.0560996 0.216635 0.09945 
0.128214 0.226562 0.0692287 
0.226562 0.903176 0.263311 
0.0692287 0.263311 0.100557 
0.153153 0.282768 0.0827106 
0.282768 1.11128 0.312156 
0.0827106 0.312156 0.106775 
0.174985 0.32974 0.0944991 
0.329739 1.28757 0.355279 
0.0944991 0.355279 0.114619 
0.190981 0.363251 0.103102 
0.363251 1.41459 0.386826 
0.103102 0.386826 0.121199 
0.199307 0.380401 0.107472 
0.380401 1.48076 0.40258 
0.107472 0.402581 0.12443 
0.198678 0.378709 0.106769 
0.378709 1.47763 0.398962 
0.106769 0.398962 0.122831 
0.188501 0.356096 0.100341 
0.356095 1.40086 0.37272 
0.100341 0.372721 0.115478 
0.169838 0.312331 0.0881167 
0.312331 1.25735 0.322131 
0.0881167 0.322131 0.102431 
0.146712 0.251569 0.0713037 
0.251569 1.07509 0.249557 
0.0713037 0.249557 0.0854695 
0.12607 0.183642 0.0527156 
0.183642 0.903848 0.16345 
0.0527156 0.16345 0.0682321 
0.114796 0.121177 0.0359043 
0.121177 0.794641 0.0767402 
0.0359043 0.0767402 0.0548114 
0.115437 0.0734543 0.0233928 
0.0734543 0.769213 0.00141171 
0.0233928 0.00141172 0.0474436 
0.124993 0.0426175 0.0156351 
0.0426175 0.810071 -0.0562492 
0.0156351 -0.0562492 0.0455255 
0.137744 0.025285 0.0115405 
0.025285 0.879243 -0.0959206 
0.0115405 -0.0959206 0.0467459 
0.148616 0.0165012 0.0096314 
0.0165012 0.941749 -0.120375 
0.0096314 -0.120375 0.0487542 
0.154418 0.0122769 0.00875802 
0.0122769 0.974877 -0.132734 
0.00875802 -0.132734 0.0499553 
0.153436 0.0101448 0.00823933 
0.0101447 0.965749 -0.135213 
0.00823933 -0.135213 0.049492 
0.144836 0.00880422 0.00776787 
0.00880422 0.906945 -0.129118 
0.00776787 -0.129118 0.0470494 
0.128798 0.00768943 0.00733207 
0.00768943 0.796391 -0.115695 
0.00733207 -0.115695 0.0429002 
0.107493 0.00671808 0.00720878 
0.00671808 0.642846 -0.0975268 
0.00720878 -0.0975268 0.0382249 
0.0859062 0.00614157 0.00790522 
0.00614157 0.471976 -0.0794975 
0.00790522 -0.0794975 0.03523 
0.070407 0.00630162 0.00985882 
0.00630162 0.321289 -0.06751 
0.00985882 -0.06751 0.0362303 
0.0647403 0.00727779 0.0129857 
0.00727779 0.219495 -0.0647844 
0.0129857 -0.0647844 0.0418416 
0.0674818 0.00874761 0.0165987 
0.00874761 0.169479 -0.0696383 
0.0165987 -0.0696383 0.0502746 
0.0741386 0.0102351 0.019882 
0.0102351 0.15433 -0.0776408 
0.019882 -0.0776408 0.0588132 
0.080823 0.0114181 0.0223619 
0.0114181 0.154941 -0.0851139 
0.0223619 -0.0851139 0.06561 
0.0856697 0.0121938 0.0239523 
0.0121938 0.159417 -0.0903892 
0.0239523 -0.0903892 0.0700853 
0.0882192 0.0125743 0.0247499 
0.0125743 0.162569 -0.0931363 
0.0247499 -0.0931363 0.0723495 
0.0884524 0.0125662 0.024848 
0.0125662 0.162552 -0.0934006 
0.024848 -0.0934006 0.0725897 
0.0862314 0.0120769 0.0242542 
0.0120769 0.158527 -0.091061 
0.0242542 -0.091061 0.0707569 
0.0811908 0.0108095 0.0229097 
0.0108095 0.149879 -0.0857405 
0.0229097 -0.0857405 0.066539 
0.073074 0.00810492 0.0208248 
0.00810492 0.136795 -0.0771713 
0.0208248 -0.0771713 0.0596378 
0.0625234 0.00280321 0.0183382 
0.00280321 0.121902 -0.066034 
0.0183382 -0.066034 0.0503896 
0.0518437 -0.00652961 0.0163155 
-0.00652961 0.111498 -0.0547621 
0.0163155 -0.0547621 0.0404125 
0.0444435 -0.0205591 0.0158419 
-0.0205591 0.113195 -0.0469456 
0.0158419 -0.0469456 0.0323159 
0.0424996 -0.0378214 0.0173318 
-0.0378214 0.129644 -0.0448498 
0.0173318 -0.0448498 0.0280308 
0.0452286 -0.0547338 0.0199705 
-0.0547338 0.1551 -0.0475634 
0.0199705 -0.0475634 0.0273993 
0.0500014 -0.0673086 0.0221783 
-0.0673086 0.179697 -0.0521251 
0.0221783 -0.0521251 0.0287446 
0.0547721 -0.0725764 0.0223454 
-0.0725764 0.196033 -0.0559858 
0.0223454 -0.0559858 0.0304804 
0.0595696 -0.0684847 0.0189586 
-0.0684847 0.202135 -0.058395 
0.0189586 -0.058395 0.0321162 
0.067019 -0.0530471 0.0102305 
-0.0530471 0.201629 -0.0606923 
0.0102305 -0.0606923 0.0345306 
0.08243 -0.0239671 -0.00614589 
-0.0239671 0.203543 -0.0662619 
-0.00614589 -0.0662619 0.0399519 
0.112693 0.0204644 -0.0324432 
0.0204644 0.220913 -0.0798418 
-0.0324432 -0.0798418 0.051444 
0.162604 0.0791602 -0.0691962 
0.0791602 0.265266 -0.105203 
-0.0691962 -0.105203 0.0712884 
0.229897 0.146335 -0.113346 
0.146335 0.337956 -0.141812 
-0.113346 -0.141812 0.0987582 
0.304195 0.212618 -0.158535 
0.212618 0.426707 -0.18382 
-0.158535 -0.18382 0.129554 
0.372472 0.269218 -0.198118 
0.269218 0.512914 -0.223292 
-0.198118 -0.223292 0.158109 
0.425653 0.311331 -0.228061 
0.311331 0.582191 -0.254434 
-0.228061 -0.254434 0.180467 
0.460264 0.338032 -0.247229 
0.338032 0.628052 -0.274845 
-0.247229 -0.274845 0.195059 
0.475562 0.349751 -0.255657 
0.349751 0.648491 -0.283891 
-0.255657 -0.283891 0.201516 
0.469807 0.345667 -0.252599 
0.345667 0.64086 -0.280459 
-0.252599 -0.280459 0.199074 
0.43832 0.322514 -0.235552 
0.322514 0.599436 -0.261799 
-0.235552 -0.261799 0.185757 
0.375783 0.276395 -0.201459 
0.276395 0.519484 -0.22496 
-0.201459 -0.22496 0.15935 
0.284941 0.209237 -0.151309 
0.209237 0.41038 -0.1721 
-0.151309 -0.1721 0.121113 
0.185529 0.135424 -0.0951024 
0.135424 0.306015 -0.11564 
-0.0951024 -0.11564 0.0795274 
0.105595 0.0755883 -0.0478696 
0.0755883 0.245254 -0.0723814 
-0.0478696 -0.0723814 0.0464893 
0.0583664 0.0396802 -0.0176311 
0.0396802 0.235838 -0.0492683 
-0.0176311 -0.0492683 0.027426 
0.0371567 0.0230501 -0.00193274 
0.0230501 0.255673 -0.0411106 
-0.00193274 -0.0411106 0.0192799 
0.0296895 0.0167951 0.005276 
0.0167951 0.28176 -0.0400027 
0.005276 -0.0400027 0.0167414 
0.0277527 0.0148615 0.00845363 
0.0148615 0.303381 -0.0410872 
0.00845363 -0.0410872 0.0163392 
0.0276124 0.0144365 0.00988112 
0.0144365 0.318547 -0.0424216 
0.00988112 -0.0424216 0.0165446 
0.0279101 0.0144566 0.0105575 
0.0144566 0.328453 -0.0434766 
0.0105575 -0.0434766 0.0168346 
0.0282323 0.014571 0.0108998 
0.014571 0.33475 -0.0442098 
0.0108998 -0.0442098 0.0170722 
0.028484 0.01468 0.0110847 
0.01468 0.33873 -0.0446959 
0.0110847 -0.0446959 0.0172415 
0.0286623 0.0147633 0.0111904 
0.0147633 0.341263 -0.0450138 
0.0111904 -0.0450138 0.0173566 
0.0287843 0.0148224 0.0112538 
0.0148224 0.342895 -0.045222 
0.0112538 -0.045222 0.0174336 
