4  11
0.0894086  0.0587375  0.126283  0.0796808  0.0735734  0.0921087  0.144539  0.0834069  0.102806  0.0499358  0.0995206  
4.97516  -1.47981  -3.81168  2.54262  
12.8506  -0.033322  -0.051737  0.106148  
21.8828  0.12517  0.329099  0.190757  
31.5192  0.814078  1.14156  0.704999  
40.347  1.08689  3.28087  0.658341  
47.4473  -0.265976  2.39907  -0.333579  
59.7687  -0.339425  0.0161653  -0.148313  
70.8262  0.519176  -0.569795  -0.166958  
80.409  -0.442665  -0.652543  0.864523  
87.8131  0.094217  -1.14658  -0.0487032  
95.3456  0.118148  0.0256596  -0.0880892  
6.61882  1.89899  4.65774  -3.25669  
1.89899  0.571765  1.33576  -0.932808  
4.65774  1.33576  3.38376  -2.24219  
-3.25669  -0.932808  -2.24219  1.67806  
5.98517  0.125791  0.731528  -0.133083  
0.125791  0.0178275  0.0397644  -0.0170355  
0.731528  0.0397644  0.147381  -0.0416865  
-0.133083  -0.0170355  -0.0416865  0.032585  
21.9799  -0.113537  -0.0428942  1.12187  
-0.113537  0.00634651  0.00562853  -0.00140065  
-0.0428942  0.00562853  0.0214761  0.011045  
1.12187  -0.00140065  0.011045  0.0747349  
13.5715  0.6884  1.04967  0.401919  
0.6884  0.120184  0.202685  0.0315797  
1.04967  0.202685  0.416637  0.0478916  
0.401919  0.0315797  0.0478916  0.0651721  
14.4248  -0.980571  0.906936  0.632209  
-0.980571  0.108909  -0.0583978  0.0101004  
0.906936  -0.0583978  0.700627  0.131246  
0.632209  0.0101004  0.131246  0.165321  
19.7556  -1.15538  -2.7069  -1.38285  
-1.15538  0.254486  0.53489  0.0891468  
-2.7069  0.53489  1.5495  0.214201  
-1.38285  0.0891468  0.214201  0.170796  
27.7417  0.184158  -3.4111  1.75524  
0.184158  0.052873  -0.0260984  0.0060509  
-3.4111  -0.0260984  0.782105  -0.29632  
1.75524  0.0060509  -0.29632  0.36632  
13.0155  1.58719  1.76291  -0.919082  
1.58719  0.861844  0.182115  -0.290883  
1.76291  0.182115  0.465214  -0.0718773  
-0.919082  -0.290883  -0.0718773  0.333893  
14.8829  -1.27872  0.587705  0.275295  
-1.27872  1.13029  -0.359407  -0.206738  
0.587705  -0.359407  0.877046  -0.16542  
0.275295  -0.206738  -0.16542  0.49606  
6.38964  -0.322576  0.356524  -0.258282  
-0.322576  0.214493  0.358188  -0.0568083  
0.356524  0.358188  0.861439  -0.183642  
-0.258282  -0.0568083  -0.183642  0.0587681  
9.87035  -0.012314  0.208884  0.0653432  
-0.012314  0.0266085  -0.0164956  -0.00702937  
0.208884  -0.0164956  0.0536086  0.00207555  
0.0653432  -0.00702937  0.00207555  0.00556407  
