4  8
0.105141  0.0583589  0.160214  0.116664  0.16099  0.134907  0.15465  0.109075  
5.4948  1.57579  -0.00947223  3.40949  
13.3224  3.39665  0.227791  7.34299  
23.9514  3.15383  2.27566  6.8705  
37.0042  -0.115204  6.42075  5.13317  
49.8253  -2.07268  6.69436  4.6693  
64.2405  -2.41411  5.95289  4.97591  
77.49  -2.42883  3.00782  6.52554  
90.0179  -2.0195  1.4429  7.25778  
8.23627  2.93829  0.0430516  6.36172  
2.93829  1.10285  -0.00603433  2.2702  
0.0430516  -0.00603433  0.0188954  0.0368787  
6.36172  2.2702  0.0368787  4.95062  
2.79174  0.19127  0.140311  0.330032  
0.19127  0.187531  -0.0498531  -0.0165854  
0.140311  -0.0498531  0.0692067  0.0389565  
0.330032  -0.0165854  0.0389565  0.0592738  
24.4074  -1.40069  5.85245  -2.4445  
-1.40069  0.369575  -0.654371  0.188041  
5.85245  -0.654371  1.96173  -0.710956  
-2.4445  0.188041  -0.710956  0.295701  
22.012  -3.78313  1.19761  -0.641695  
-3.78313  1.30879  -0.593228  0.389522  
1.19761  -0.593228  0.353577  -0.2121  
-0.641695  0.389522  -0.2121  0.156287  
32.7025  0.470388  -1.63322  0.843207  
0.470388  0.0792028  -0.0444854  0.0821114  
-1.63322  -0.0444854  0.102387  -0.0845344  
0.843207  0.0821114  -0.0845344  0.134407  
26.9486  -0.234102  -3.17925  1.94249  
-0.234102  0.0516867  0.0559646  8.32978e-05  
-3.17925  0.0559646  0.451087  -0.236039  
1.94249  8.32978e-05  -0.236039  0.159771  
27.3384  0.521001  -4.87857  2.15139  
0.521001  0.16034  -0.181705  0.0926811  
-4.87857  -0.181705  1.133  -0.543963  
2.15139  0.0926811  -0.543963  0.287486  
11.7654  1.40473  -0.100272  0.715714  
1.40473  0.512359  0.0192493  0.175967  
-0.100272  0.0192493  0.168413  -0.0395059  
0.715714  0.175967  -0.0395059  0.0938603  
