4  11
0.0940609  0.0501577  0.126269  0.106706  0.0975117  0.0808602  0.0752656  0.102184  0.0986068  0.0604343  0.107944  
4.97507  1.94307  0.0821063  4.22129  
11.9726  0.0320957  0.351161  0.101467  
20.5421  -0.300432  1.40175  -0.577093  
31.1737  -1.89765  1.60141  -0.700264  
40.6063  -0.57665  -0.226094  -0.0637342  
49.605  0.0697273  -0.132122  -0.104151  
56.9735  -0.243876  -0.159966  0.223568  
66.379  -0.191615  -1.17482  0.618176  
73.6381  0.128361  -0.967825  0.362235  
82.718  -0.0859294  -0.919716  0.424899  
89.9487  0.731907  0.215594  0.0985451  
6.63329  -2.45152  0.403895  -5.2367  
-2.45152  0.97841  -0.175004  1.92965  
0.403895  -0.175004  0.0594688  -0.310573  
-5.2367  1.92965  -0.310573  4.16821  
2.60568  -0.275945  0.15658  -0.558675  
-0.275945  0.036582  -0.0166114  0.066822  
0.15658  -0.0166114  0.0276323  -0.0366996  
-0.558675  0.066822  -0.0366996  0.143643  
16.7908  -0.775686  1.49174  -0.414532  
-0.775686  0.112064  -0.162975  0.0618318  
1.49174  -0.162975  0.428819  -0.0748672  
-0.414532  0.0618318  -0.0748672  0.0598324  
17.8332  -0.711388  -2.49373  1.16801  
-0.711388  0.25162  0.0351708  -0.0789261  
-2.49373  0.0351708  0.613281  -0.167568  
1.16801  -0.0789261  -0.167568  0.114756  
12.0502  1.22763  -0.0818307  0.460364  
1.22763  0.325611  -0.0287191  0.0585142  
-0.0818307  -0.0287191  0.0318481  -0.0113426  
0.460364  0.0585142  -0.0113426  0.0374714  
7.65402  0.176347  0.0553975  -0.105921  
0.176347  0.0151827  0.00968775  -0.00484079  
0.0553975  0.00968775  0.0230243  0.00443194  
-0.105921  -0.00484079  0.00443194  0.0148356  
8.71734  -0.361817  -0.931497  0.146306  
-0.361817  0.0326502  0.043712  -0.0191344  
-0.931497  0.043712  0.192874  0.00643107  
0.146306  -0.0191344  0.00643107  0.0360591  
23.0868  0.33958  -1.16142  1.44089  
0.33958  0.0467913  -0.0652696  0.0346184  
-1.16142  -0.0652696  0.389723  -0.171235  
1.44089  0.0346184  -0.171235  0.389353  
21.3324  -1.0407  0.293689  -1.6919  
-1.0407  0.0898815  -0.0729155  0.0437954  
0.293689  -0.0729155  0.203873  -0.0161088  
-1.6919  0.0437954  -0.0161088  0.301568  
9.51179  -0.473057  0.63043  0.614886  
-0.473057  0.109437  0.0533224  -0.0544573  
0.63043  0.0533224  1.01241  -0.115233  
0.614886  -0.0544573  -0.115233  0.187883  
12.7671  -0.652479  -0.292423  -0.428253  
-0.652479  0.209153  0.0718538  0.0877204  
-0.292423  0.0718538  0.124399  0.0299858  
-0.428253  0.0877204  0.0299858  0.0652274  
