4  8
0.105141  0.0583608  0.160224  0.116736  0.160752  0.135099  0.154612  0.109076  
5.4948  1.57579  -0.00947225  3.40949  
13.3225  3.39665  0.2278  7.343  
23.9521  3.15375  2.27589  6.87042  
37.0096  -0.11652  6.42116  5.13294  
49.8205  -2.0729  6.69453  4.66912  
64.2349  -2.41379  5.95316  4.97576  
77.4918  -2.42886  3.00747  6.52572  
90.0181  -2.0194  1.44279  7.25787  
8.23628  2.9383  0.0430515  6.36172  
2.9383  1.10285  -0.00603434  2.27021  
0.0430515  -0.00603434  0.0188954  0.0368787  
6.36172  2.27021  0.0368787  4.95062  
2.79188  0.191277  0.140325  0.330037  
0.191277  0.187531  -0.0498528  -0.0165854  
0.140325  -0.0498528  0.069209  0.0389578  
0.330037  -0.0165854  0.0389578  0.0592735  
24.4092  -1.40119  5.85339  -2.4448  
-1.40119  0.369651  -0.654561  0.188112  
5.85339  -0.654561  1.96216  -0.711103  
-2.4448  0.188112  -0.711103  0.29575  
22.0317  -3.78675  1.19738  -0.641668  
-3.78675  1.30922  -0.592966  0.389378  
1.19738  -0.592966  0.353294  -0.211935  
-0.641668  0.389378  -0.211935  0.156215  
32.6481  0.472163  -1.6325  0.844035  
0.472163  0.0791629  -0.0445396  0.0821049  
-1.6325  -0.0445396  0.102408  -0.0845846  
0.844035  0.0821049  -0.0845846  0.134447  
26.9712  -0.235728  -3.18077  1.94326  
-0.235728  0.051794  0.0560972  8.75107e-06  
-3.18077  0.0560972  0.451205  -0.236112  
1.94326  8.75107e-06  -0.236112  0.159806  
27.3218  0.520112  -4.87485  2.14903  
0.520112  0.160368  -0.181568  0.0926166  
-4.87485  -0.181568  1.13224  -0.543507  
2.14903  0.0926166  -0.543507  0.287225  
11.7638  1.4042  -0.0997968  0.715319  
1.4042  0.512266  0.0193214  0.175906  
-0.0997968  0.0193214  0.16837  -0.039464  
0.715319  0.175906  -0.039464  0.0938231  
