3,3,95
0.0546029 -0.0213903 0.000658669 
-0.0213903 0.0186681 0.00362517 
0.000658431 0.00362517 0.0368073 
0.0545992 -0.0213889 0.000658625 
-0.0213889 0.0186668 0.00362492 
0.000658386 0.00362492 0.0368048 
0.0545921 -0.0213861 0.00065854 
-0.0213861 0.0186644 0.00362445 
0.000658302 0.00362445 0.0368 
0.0545778 -0.0213805 0.000658371 
-0.0213805 0.0186596 0.0036235 
0.000658132 0.0036235 0.0367904 
0.0545468 -0.0213684 0.000658007 
-0.0213684 0.018649 0.0036214 
0.000657769 0.0036214 0.0367694 
0.0544698 -0.0213385 0.00065713 
-0.0213385 0.0186233 0.00361612 
0.000656892 0.00361612 0.0367174 
0.0542133 -0.0212393 0.000654289 
-0.0212393 0.0185385 0.00359818 
0.000654053 0.00359818 0.0365435 
0.0529514 -0.0207526 0.000637831 
-0.0207526 0.0181258 0.00350937 
0.0006376 0.00350937 0.0356799 
0.0467942 -0.0183573 0.000403925 
-0.0183573 0.0161509 0.0031078 
0.000403724 0.0031078 0.0310885 
0.040083 -0.0151902 -0.00317157 
-0.0151902 0.0145705 0.00343164 
-0.00317168 0.00343164 0.0180611 
0.0811945 -0.0285025 -0.0168658 
-0.0285025 0.0300886 0.00969716 
-0.0168658 0.00969716 0.0120164 
0.127138 -0.0441035 -0.0280811 
-0.0441035 0.0468191 0.0157347 
-0.0280811 0.0157347 0.0150894 
0.141621 -0.0494455 -0.0312173 
-0.0494455 0.0528677 0.0173048 
-0.0312173 0.0173048 0.0165696 
0.136535 -0.0494881 -0.0291734 
-0.0494881 0.0547392 0.0153459 
-0.0291734 0.0153459 0.0160935 
0.117492 -0.0515007 -0.0205349 
-0.0515007 0.0655651 0.00664241 
-0.0205349 0.00664241 0.0145466 
0.113103 -0.0886913 0.000284897 
-0.0886913 0.144108 -0.0224013 
0.000284893 -0.0224013 0.0170772 
0.189908 -0.203628 0.028526 
-0.203628 0.355251 -0.0778894 
0.028526 -0.0778894 0.0329741 
0.265239 -0.291904 0.0436881 
-0.291904 0.511705 -0.11431 
0.0436881 -0.11431 0.0466437 
0.285571 -0.314532 0.0471664 
-0.314532 0.551453 -0.123258 
0.0471664 -0.123258 0.0502391 
0.288067 -0.317285 0.0475809 
-0.317285 0.556278 -0.124338 
0.0475809 -0.124338 0.0506785 
0.287628 -0.3168 0.0475093 
-0.3168 0.555426 -0.124148 
0.0475093 -0.124148 0.0506014 
0.286363 -0.3154 0.0473033 
-0.3154 0.552966 -0.1236 
0.0473033 -0.1236 0.0503792 
0.284077 -0.312864 0.0469354 
-0.312864 0.548497 -0.122607 
0.0469354 -0.122607 0.0499784 
0.280077 -0.308397 0.0463056 
-0.308397 0.540594 -0.120861 
0.0463056 -0.120861 0.0492786 
0.273277 -0.300714 0.0452795 
-0.300714 0.526902 -0.117865 
0.0452795 -0.117865 0.0480946 
0.262259 -0.287992 0.0437551 
-0.287992 0.50392 -0.112924 
0.0437551 -0.112924 0.0461939 
0.245841 -0.268211 0.041899 
-0.268211 0.467276 -0.105299 
0.041899 -0.105299 0.0434145 
0.224858 -0.24054 0.0407316 
-0.24054 0.413492 -0.094797 
0.0407315 -0.094797 0.0400159 
0.205476 -0.208244 0.0430482 
-0.208244 0.344218 -0.0829619 
0.0430482 -0.0829619 0.0373094 
0.201438 -0.181357 0.0536913 
-0.181357 0.271147 -0.0741079 
0.0536913 -0.0741079 0.0380405 
0.228435 -0.17357 0.0770623 
-0.17357 0.214135 -0.0738702 
0.0770623 -0.0738702 0.0452013 
0.289583 -0.191269 0.112189 
-0.191269 0.18779 -0.0845304 
0.112189 -0.0845304 0.0591529 
0.368442 -0.22638 0.151299 
-0.22638 0.189557 -0.102174 
0.151299 -0.102174 0.0763636 
0.441218 -0.26346 0.185042 
-0.26346 0.204805 -0.119945 
0.185042 -0.119945 0.0919669 
0.492173 -0.290919 0.207927 
-0.290919 0.219861 -0.132878 
0.207927 -0.132878 0.102846 
0.516549 -0.304242 0.218817 
-0.304242 0.227675 -0.139162 
0.218817 -0.139162 0.108162 
0.515381 -0.303122 0.218639 
-0.303122 0.226088 -0.138815 
0.218639 -0.138815 0.108281 
0.490793 -0.288382 0.208563 
-0.288382 0.214884 -0.132329 
0.208563 -0.132329 0.103862 
0.444572 -0.260841 0.189569 
-0.260841 0.194369 -0.120224 
0.189569 -0.120224 0.0956467 
0.37937 -0.221868 0.163055 
-0.221868 0.165475 -0.103338 
0.163055 -0.103338 0.0848103 
0.30118 -0.174774 0.131925 
-0.174774 0.130674 -0.0834848 
0.131925 -0.0834848 0.0734823 
0.220863 -0.125746 0.101137 
-0.125746 0.0946058 -0.0637878 
0.101137 -0.0637878 0.0648027 
0.151799 -0.0826001 0.0764571 
-0.0826001 0.0630944 -0.0479 
0.0764571 -0.0479 0.0618026 
0.103594 -0.0512038 0.0615578 
-0.0512038 0.0404549 -0.0381703 
0.0615578 -0.0381703 0.0654909 
0.0772545 -0.0326032 0.0560414 
-0.0326032 0.0273563 -0.0343876 
0.0560414 -0.0343876 0.0740297 
0.0667955 -0.023737 0.0565383 
-0.023737 0.0214093 -0.0344559 
0.0565383 -0.0344559 0.0841001 
0.0646923 -0.0204399 0.0593867 
-0.0204399 0.0194512 -0.0360756 
0.0593867 -0.0360756 0.0929564 
0.0655774 -0.0195938 0.0622398 
-0.0195938 0.0191528 -0.0377615 
0.0622398 -0.0377615 0.0993005 
0.0667163 -0.0195079 0.0640839 
-0.0195079 0.0192788 -0.0388628 
0.0640839 -0.0388628 0.102924 
0.067017 -0.0194399 0.0646249 
-0.0194399 0.0193108 -0.0391842 
0.0646249 -0.0391842 0.10402 
0.0660695 -0.019085 0.0637694 
-0.019085 0.0190645 -0.0386609 
0.0637694 -0.0386609 0.10271 
0.0636268 -0.0182723 0.0613686 
-0.0182723 0.0184879 -0.0371976 
0.0613686 -0.0371976 0.0988482 
0.0594575 -0.016829 0.0571781 
-0.016829 0.017625 -0.0346383 
0.0571781 -0.0346383 0.0920614 
0.0534754 -0.014545 0.050998 
-0.014545 0.0167052 -0.0308477 
0.050998 -0.0308477 0.0820072 
0.0460748 -0.0112131 0.042981 
-0.0112131 0.0163025 -0.025893 
0.042981 -0.025893 0.0688784 
0.0384511 -0.00674117 0.0339651 
-0.00674117 0.0173933 -0.0202481 
0.0339651 -0.0202481 0.0539488 
0.032434 -0.00129898 0.0254572 
-0.00129898 0.0210235 -0.014798 
0.0254572 -0.014798 0.0395824 
0.0295565 0.00461816 0.0189762 
0.00461816 0.0275587 -0.010468 
0.0189762 -0.010468 0.0282362 
0.0300399 0.0103259 0.0151872 
0.0103259 0.0361651 -0.00771054 
0.0151872 -0.00771054 0.0210922 
0.0327768 0.015226 0.0136877 
0.015226 0.0451964 -0.0063547 
0.0136877 -0.0063547 0.0176652 
0.0362392 0.0190001 0.0135525 
0.0190001 0.0531178 -0.00590175 
0.0135525 -0.00590175 0.0165998 
0.0392816 0.0216003 0.0139441 
0.0216003 0.0590655 -0.00588018 
0.0139441 -0.00588018 0.0166157 
0.041327 0.0231151 0.0143454 
0.0231151 0.0627975 -0.00599912 
0.0143454 -0.00599912 0.016897 
0.0421828 0.0236287 0.0145074 
0.0236287 0.064395 -0.00614703 
0.0145074 -0.00614703 0.0170463 
0.0418448 0.0231238 0.014337 
0.0231238 0.0640608 -0.0063705 
0.014337 -0.0063705 0.0169386 
0.0404584 0.0214167 0.0138417 
0.0214167 0.0621615 -0.00691819 
0.0138417 -0.00691819 0.0166614 
0.0384823 0.0181155 0.0131607 
0.0181155 0.0595619 -0.00838213 
0.0131608 -0.00838213 0.0165894 
0.0370131 0.0126259 0.0126629 
0.0126259 0.058183 -0.01189 
0.0126629 -0.01189 0.0175551 
0.0379993 0.00429992 0.0130135 
0.00429992 0.0613385 -0.0191159 
0.0130135 -0.0191159 0.0209169 
0.0437721 -0.00716902 0.0150105 
-0.00716902 0.0729002 -0.0316881 
0.0150105 -0.0316881 0.0281464 
0.0556056 -0.0212239 0.0190887 
-0.0212239 0.0948496 -0.0499183 
0.0190887 -0.0499183 0.0398062 
0.0723587 -0.0363011 0.0248545 
-0.0363011 0.125032 -0.0718827 
0.0248545 -0.0718827 0.0547019 
0.0908698 -0.0504425 0.0312211 
-0.0504425 0.157916 -0.0941438 
0.0312211 -0.0941439 0.070319 
0.107882 -0.0622058 0.0370701 
-0.0622058 0.187909 -0.113619 
0.0370701 -0.113619 0.0842593 
0.121535 -0.0710866 0.0417633 
-0.0710866 0.211877 -0.128803 
0.0417633 -0.128803 0.0952601 
0.131472 -0.0773124 0.0451787 
-0.0773124 0.229277 -0.139664 
0.0451787 -0.139664 0.103187 
0.138165 -0.0814116 0.0474788 
-0.0814116 0.240979 -0.146904 
0.0474788 -0.146904 0.108494 
0.142227 -0.0838672 0.0488747 
-0.0838672 0.248073 -0.151271 
0.0488747 -0.151272 0.111704 
0.14393 -0.0848874 0.0494591 
-0.0848874 0.251034 -0.153091 
0.0494591 -0.153091 0.113042 
0.142818 -0.0841856 0.0490703 
-0.0841856 0.248994 -0.151837 
0.0490703 -0.151837 0.11212 
0.13744 -0.0806956 0.0471842 
-0.0806956 0.239021 -0.145663 
0.0471842 -0.145663 0.107596 
0.126108 -0.0724194 0.0431004 
-0.0724194 0.216312 -0.131346 
0.0431004 -0.131346 0.097199 
0.111034 -0.0572802 0.0371771 
-0.0572802 0.17847 -0.106436 
0.0371771 -0.106436 0.0794893 
0.104987 -0.0358743 0.0329758 
-0.0358743 0.134943 -0.0746587 
0.0329758 -0.0746587 0.0579779 
0.125353 -0.0133627 0.0358655 
-0.0133627 0.106636 -0.0472711 
0.0358655 -0.0472711 0.0415339 
0.171267 0.0044146 0.0463039 
0.0044146 0.10378 -0.0323745 
0.0463039 -0.0323745 0.0354443 
0.222887 0.0157882 0.0590646 
0.0157882 0.116491 -0.0278635 
0.0590646 -0.0278635 0.0366906 
0.264606 0.022306 0.0696962 
0.022306 0.13171 -0.0280174 
0.0696962 -0.0280174 0.0402109 
0.293107 0.0259188 0.0770592 
0.0259188 0.143659 -0.0293157 
0.0770592 -0.0293157 0.0434048 
0.311155 0.0279378 0.0817536 
0.0279378 0.151722 -0.0305197 
0.0817536 -0.0305197 0.0456799 
0.322299 0.029095 0.084663 
0.029095 0.156867 -0.0313903 
0.084663 -0.0313903 0.0471687 
0.329187 0.029779 0.0864652 
0.029779 0.160105 -0.0319729 
0.0864652 -0.0319729 0.0481185 
0.333502 0.0301959 0.0875953 
0.0301959 0.162154 -0.0323542 
0.0875953 -0.0323542 0.0487242 
0.336249 0.0304568 0.0883154 
0.0304568 0.163467 -0.0326034 
0.0883154 -0.0326035 0.0491142 
0.338022 0.0306233 0.0887804 
0.0306234 0.164318 -0.0327669 
0.0887804 -0.0327669 0.0493676 
