4  6
0.130409  0.261904  0.144314  0.140245  0.161249  0.161879  
5.39959  -4.11986  0.954242  -0.392215  
20.1364  -8.51772  3.17704  -1.67391  
35.4105  -6.5949  5.91345  0.637334  
46.5293  -2.55986  5.59364  5.19532  
57.8309  -2.23524  4.9232  5.62619  
68.3297  -1.87763  5.61691  5.46138  
7.97576  -7.60392  1.79857  -0.72613  
-7.60392  7.30075  -1.72063  0.694543  
1.79857  -1.72063  0.429405  -0.168171  
-0.72613  0.694543  -0.168171  0.0804168  
32.9227  1.52235  3.94621  -1.65764  
1.52235  0.190923  0.213477  -0.0867457  
3.94621  0.213477  0.657957  -0.245505  
-1.65764  -0.0867457  -0.245505  0.354328  
11.9684  3.73533  1.60231  5.05344  
3.73533  1.82559  0.84163  1.89627  
1.60231  0.84163  0.567037  0.678859  
5.05344  1.89627  0.678859  2.70433  
17.7239  2.93581  -1.0445  1.19292  
2.93581  0.755292  -0.321897  0.399525  
-1.0445  -0.321897  0.426612  -0.384732  
1.19292  0.399525  -0.384732  0.426843  
33.201  2.51132  4.79495  -1.39673  
2.51132  0.248157  0.424408  -0.102342  
4.79495  0.424408  1.41081  -0.591252  
-1.39673  -0.102342  -0.591252  0.30631  
23.2888  -1.17282  0.397931  -0.907371  
-1.17282  0.341707  0.0115328  0.106973  
0.397931  0.0115328  0.477226  -0.397689  
-0.907371  0.106973  -0.397689  0.376853  
