4  6
0.125962  0.133807  0.263076  0.182857  0.167297  0.127002  
5.24283  -4.89601  1.22662  -0.582722  
15.0761  0.646779  0.430526  -0.521577  
29.8186  1.26485  0.874205  1.79318  
46.6777  0.249045  -0.625126  0.204352  
59.7314  0.232466  0.398786  -0.121802  
70.468  -0.292774  -0.250649  0.104188  
7.53252  7.47514  -1.37177  0.307467  
7.47514  7.48301  -1.36176  0.310369  
-1.37177  -1.36176  0.311303  -0.096839  
0.307467  0.310369  -0.096839  0.129476  
9.75303  1.23519  -0.567072  -0.226243  
1.23519  0.422388  0.00677387  -0.0481084  
-0.567072  0.00677387  0.192373  0.0855754  
-0.226243  -0.0481084  0.0855754  0.170506  
34.3968  7.9747  -1.39518  7.84597  
7.9747  2.77032  -0.175767  2.14067  
-1.39518  -0.175767  0.737659  -0.197289  
7.84597  2.14067  -0.197289  2.60632  
18.4813  -1.38782  4.42785  -2.10578  
-1.38782  0.711917  -0.434822  0.338099  
4.42785  -0.434822  1.81102  -0.722809  
-2.10578  0.338099  -0.722809  0.708782  
17.9924  -1.03413  -0.680729  -0.961233  
-1.03413  0.428974  0.325166  0.00481185  
-0.680729  0.325166  0.476598  -0.0624035  
-0.961233  0.00481185  -0.0624035  0.139644  
9.6844  0.632148  0.0484943  0.0184078  
0.632148  0.846418  0.0375086  0.252707  
0.0484943  0.0375086  0.146977  0.0103929  
0.0184078  0.252707  0.0103929  0.208264  
