3,3,75
0.06479 -0.000435708 0.00524248 
-0.000435827 0.0614682 -0.0408339 
0.00524248 -0.0408339 0.116893 
0.0647667 -0.000435545 0.00524059 
-0.000435664 0.061446 -0.0408192 
0.00524059 -0.0408192 0.116851 
0.0647074 -0.000435109 0.00523577 
-0.000435228 0.0613897 -0.0407817 
0.00523577 -0.0407817 0.116744 
0.0645521 -0.000433813 0.00522308 
-0.000433932 0.0612421 -0.0406831 
0.00522308 -0.0406831 0.116463 
0.0641369 -0.000429209 0.00518857 
-0.000429327 0.0608462 -0.040416 
0.00518857 -0.040416 0.115707 
0.0630237 -0.000408048 0.00509154 
-0.000408164 0.0597742 -0.0396735 
0.00509154 -0.0396735 0.113645 
0.0601968 -0.000283385 0.00480903 
-0.000283495 0.0569701 -0.0375763 
0.00480903 -0.0375763 0.108131 
0.0546241 0.000535436 0.00396036 
0.000535341 0.0507798 -0.0317304 
0.00396036 -0.0317304 0.0950185 
0.0533003 0.00521497 0.00147534 
0.00521491 0.0441247 -0.016946 
0.00147534 -0.016946 0.0743491 
0.0874405 0.0215309 -0.00418505 
0.0215309 0.0573879 0.0109553 
-0.00418505 0.0109553 0.0711838 
0.162338 0.0470499 -0.0113657 
0.0470499 0.0983629 0.0414805 
-0.0113657 0.0414805 0.104453 
0.220058 0.0648858 -0.0159487 
0.0648858 0.132055 0.059552 
-0.0159487 0.059552 0.137242 
0.243499 0.0718932 -0.0176445 
0.0718932 0.146009 0.0662195 
-0.0176445 0.0662195 0.151449 
0.248415 0.0733088 -0.0178621 
0.0733088 0.148993 0.0675388 
-0.0178621 0.0675388 0.154557 
0.245124 0.0722251 -0.0172719 
0.0722251 0.147136 0.0665282 
-0.0172719 0.0665282 0.152729 
0.236625 0.0694181 -0.015728 
0.0694181 0.142346 0.0639059 
-0.015728 0.0639059 0.148025 
0.223409 0.0646706 -0.0121316 
0.0646706 0.135296 0.0594287 
-0.0121316 0.0594287 0.141463 
0.20915 0.057963 -0.00330123 
0.057963 0.129328 0.0529447 
-0.00330123 0.0529447 0.137489 
0.21255 0.0518902 0.0185493 
0.0518902 0.138683 0.0464883 
0.0185493 0.0464883 0.153467 
0.279356 0.0548082 0.0661931 
0.0548082 0.196115 0.047132 
0.0661931 0.047132 0.227937 
0.444064 0.075063 0.142877 
0.075063 0.324212 0.0623417 
0.142877 0.0623417 0.385955 
0.64838 0.104919 0.22323 
0.104919 0.478222 0.0861435 
0.22323 0.0861435 0.572704 
0.798492 0.128167 0.27817 
0.128167 0.590018 0.104999 
0.27817 0.104999 0.70734 
0.874901 0.140263 0.305315 
0.140263 0.646652 0.114871 
0.305315 0.114871 0.775357 
0.905815 0.145197 0.316171 
0.145197 0.669524 0.118907 
0.316171 0.118907 0.802797 
0.916636 0.146929 0.319956 
0.146929 0.677524 0.120325 
0.319956 0.120325 0.812391 
0.920028 0.147472 0.32114 
0.147472 0.680032 0.12077 
0.32114 0.12077 0.815398 
0.920932 0.147617 0.321456 
0.147617 0.6807 0.120888 
0.321456 0.120888 0.816199 
0.920969 0.147623 0.321469 
0.147623 0.680728 0.120893 
0.321469 0.120893 0.816232 
0.920469 0.147543 0.321295 
0.147543 0.680358 0.120827 
0.321295 0.120827 0.815789 
0.919124 0.147327 0.320825 
0.147327 0.679364 0.12065 
0.320825 0.12065 0.814596 
0.915949 0.146817 0.319716 
0.146817 0.67702 0.120232 
0.319716 0.120232 0.811783 
0.908763 0.145657 0.317207 
0.145657 0.671719 0.119277 
0.317207 0.119277 0.805411 
0.893123 0.143111 0.311741 
0.143111 0.660218 0.117166 
0.311741 0.117166 0.791536 
0.86085 0.137758 0.300447 
0.137758 0.636635 0.112661 
0.300447 0.112661 0.762871 
0.799452 0.127158 0.278894 
0.127158 0.592396 0.103469 
0.278894 0.103469 0.70819 
0.697131 0.107975 0.24273 
0.107975 0.520959 0.0858859 
0.24273 0.0858859 0.616534 
0.560081 0.0776407 0.193546 
0.0776407 0.432268 0.0554103 
0.193546 0.0554103 0.492149 
0.431495 0.0378585 0.145576 
0.0378585 0.366114 0.0099217 
0.145576 0.0099217 0.371491 
0.368745 -0.00386381 0.118576 
-0.00386381 0.367449 -0.0455685 
0.118576 -0.0455685 0.304821 
0.383544 -0.0389959 0.117704 
-0.0389959 0.434905 -0.0995947 
0.117704 -0.0995947 0.30484 
0.437841 -0.0638413 0.131256 
-0.0638413 0.525596 -0.142533 
0.131256 -0.142533 0.341247 
0.493378 -0.0795134 0.146686 
-0.0795134 0.603678 -0.171916 
0.146686 -0.171916 0.381887 
0.534624 -0.0887639 0.158529 
-0.0887639 0.658068 -0.190173 
0.158529 -0.190173 0.412903 
0.560707 -0.0939627 0.166123 
-0.0939627 0.691484 -0.200749 
0.166123 -0.200749 0.432743 
0.574745 -0.096603 0.170232 
-0.096603 0.70924 -0.206213 
0.170232 -0.206213 0.443471 
0.578909 -0.0973779 0.171436 
-0.0973779 0.714531 -0.207857 
0.171436 -0.207857 0.446633 
0.572741 -0.0962639 0.169552 
-0.0962639 0.706972 -0.205686 
0.169552 -0.205686 0.441798 
0.552373 -0.0923919 0.163308 
-0.0923919 0.681843 -0.198346 
0.163308 -0.198346 0.425821 
0.510491 -0.0835949 0.1501 
-0.0835949 0.630124 -0.183139 
0.1501 -0.183139 0.392517 
0.440019 -0.0656534 0.12644 
-0.0656534 0.543042 -0.157235 
0.12644 -0.157235 0.334712 
0.346593 -0.0321199 0.0905984 
-0.0321199 0.427443 -0.12194 
0.0905984 -0.12194 0.252572 
0.262816 0.0221647 0.0473434 
0.0221647 0.323413 -0.0879278 
0.0473434 -0.0879278 0.165231 
0.229703 0.0923235 0.0078892 
0.0923235 0.28155 -0.0697338 
0.0078892 -0.0697338 0.103187 
0.249533 0.161335 -0.0194517 
0.161335 0.304922 -0.0697996 
-0.0194517 -0.0697996 0.0775994 
0.289246 0.214006 -0.0349398 
0.214006 0.353037 -0.0782748 
-0.0349398 -0.0782748 0.0746938 
0.323018 0.247295 -0.0428301 
0.247295 0.394131 -0.0866045 
-0.0428301 -0.0866045 0.078724 
0.344446 0.265908 -0.0466851 
0.265908 0.420243 -0.0921342 
-0.0466851 -0.0921342 0.0826983 
0.355947 0.275342 -0.0484988 
0.275342 0.434265 -0.0951559 
-0.0484988 -0.0951559 0.0851451 
0.360526 0.279014 -0.0491814 
0.279014 0.43984 -0.0963641 
-0.0491814 -0.0963641 0.0861633 
0.358822 0.277672 -0.0489295 
0.277672 0.43768 -0.0958838 
-0.0489295 -0.0958838 0.0857388 
0.347889 0.268802 -0.0471858 
0.268802 0.423752 -0.0928016 
-0.0471858 -0.0928016 0.0831334 
0.321469 0.245741 -0.0419777 
0.245741 0.387811 -0.0847393 
-0.0419777 -0.0847393 0.0768901 
0.279223 0.20006 -0.0282458 
0.20006 0.317852 -0.0684769 
-0.0282458 -0.0684769 0.0671459 
0.253288 0.134487 0.00321594 
0.134487 0.221653 -0.0441219 
0.00321594 -0.0441219 0.0621746 
0.30469 0.0742669 0.0575743 
0.0742669 0.142465 -0.0195645 
0.0575743 -0.0195645 0.077149 
0.434264 0.0417081 0.121422 
0.0417081 0.112039 -0.00332254 
0.121422 -0.00332254 0.111685 
0.571116 0.0317415 0.173869 
0.0317415 0.114555 0.00448014 
0.173869 0.00448014 0.147503 
0.669346 0.0307534 0.207731 
0.0307534 0.12511 0.00771971 
0.207731 0.00771971 0.173047 
0.728187 0.0317249 0.227055 
0.0317249 0.133651 0.00906155 
0.227055 0.00906155 0.188306 
0.761035 0.0326727 0.237594 
0.0326727 0.138994 0.00965536 
0.237594 0.00965536 0.196813 
0.779109 0.0333047 0.243325 
0.0333047 0.142091 0.00993982 
0.243325 0.00993982 0.201492 
0.789178 0.0336887 0.246498 
0.0336887 0.143861 0.010086 
0.246498 0.010086 0.204097 
0.794925 0.0339179 0.248303 
0.0339179 0.144886 0.0101657 
0.248303 0.0101657 0.205583 
0.798303 0.0340559 0.249362 
0.0340559 0.145493 0.0102112 
0.249362 0.0102112 0.206457 
