3,3,75
0.0500673 -0.00576278 0.00220818 
-0.00576278 0.0232508 -0.00432177 
0.00220824 -0.00432177 0.0139927 
0.0499693 -0.00575031 0.00220345 
-0.00575031 0.0232087 -0.00431428 
0.00220351 -0.00431428 0.0139716 
0.0497237 -0.00571865 0.00219145 
-0.00571865 0.0231045 -0.00429584 
0.00219151 -0.00429584 0.013921 
0.0492579 -0.0056569 0.00216812 
-0.0056569 0.0229115 -0.00426222 
0.00216817 -0.00426222 0.0138337 
0.0484237 -0.0055405 0.00212432 
-0.0055405 0.0225827 -0.00420675 
0.00212438 -0.00420675 0.0137083 
0.0469456 -0.0053137 0.00203967 
-0.0053137 0.0220591 -0.00412514 
0.00203972 -0.00412514 0.0135947 
0.0443835 -0.00484274 0.00186621 
-0.00484274 0.0213753 -0.00404684 
0.00186626 -0.00404684 0.0138092 
0.0403914 -0.00378891 0.00148602 
-0.00378891 0.0212297 -0.00418448 
0.00148607 -0.00418448 0.0158348 
0.03636 -0.00131556 0.000618148 
-0.00131556 0.0251327 -0.00546685 
0.000618182 -0.00546684 0.025328 
0.0393848 0.00411289 -0.00123232 
0.00411289 0.0431403 -0.010415 
-0.0012323 -0.010415 0.0567044 
0.0590986 0.0130594 -0.00421465 
0.0130594 0.0845304 -0.0212168 
-0.00421464 -0.0212168 0.121491 
0.0877408 0.0221235 -0.00719654 
0.0221235 0.133359 -0.0337187 
-0.00719654 -0.0337187 0.194827 
0.107704 0.0276452 -0.00900155 
0.0276452 0.165104 -0.0417865 
-0.00900155 -0.0417865 0.241734 
0.116466 0.029952 -0.00975371 
0.029952 0.178702 -0.0452328 
-0.00975371 -0.0452328 0.261705 
0.119411 0.0307149 -0.0100022 
0.0307149 0.183237 -0.0463812 
-0.0100022 -0.0463812 0.268353 
0.120254 0.030932 -0.0100729 
0.030932 0.18453 -0.0467087 
-0.0100729 -0.0467087 0.270248 
0.120468 0.030987 -0.0100908 
0.030987 0.184859 -0.0467918 
-0.0100908 -0.0467917 0.270728 
0.120516 0.0309994 -0.0100949 
0.0309994 0.184933 -0.0468106 
-0.0100949 -0.0468105 0.270837 
0.120524 0.0310015 -0.0100956 
0.0310015 0.184945 -0.0468136 
-0.0100956 -0.0468136 0.270855 
0.120518 0.0309999 -0.0100951 
0.0309999 0.184936 -0.0468113 
-0.0100951 -0.0468113 0.270841 
0.120491 0.030993 -0.0100928 
0.030993 0.184895 -0.0468009 
-0.0100928 -0.0468009 0.270781 
0.120403 0.0309703 -0.0100853 
0.0309703 0.184759 -0.0467665 
-0.0100853 -0.0467664 0.270582 
0.120131 0.030901 -0.0100617 
0.030901 0.184341 -0.0466605 
-0.0100617 -0.0466604 0.26997 
0.119354 0.0307048 -0.00998838 
0.0307048 0.183134 -0.0463529 
-0.00998838 -0.0463529 0.268203 
0.117319 0.0302104 -0.00975426 
0.0302104 0.179898 -0.0455183 
-0.00975426 -0.0455183 0.263474 
0.112731 0.0292285 -0.00893853 
0.0292285 0.172098 -0.0434384 
-0.00893853 -0.0434384 0.252113 
0.105282 0.0284324 -0.00587426 
0.0284323 0.156365 -0.0388593 
-0.00587426 -0.0388593 0.229426 
0.10292 0.0327248 0.00499829 
0.0327248 0.133924 -0.0305686 
0.00499828 -0.0305686 0.19811 
0.13205 0.0551513 0.0350933 
0.0551513 0.121269 -0.0194093 
0.0350933 -0.0194093 0.1843 
0.218241 0.106371 0.0911623 
0.106371 0.141963 -0.00917104 
0.0911623 -0.00917106 0.223792 
0.340737 0.173731 0.159009 
0.173731 0.192244 -0.00279855 
0.159009 -0.00279858 0.308767 
0.451867 0.232972 0.216491 
0.232972 0.245034 0.000170661 
0.216491 0.000170621 0.395772 
0.528246 0.273124 0.25478 
0.273124 0.283471 0.0013635 
0.25478 0.00136345 0.458546 
0.57173 0.295823 0.276268 
0.295823 0.305919 0.00180871 
0.276268 0.00180866 0.495053 
0.590091 0.305333 0.285318 
0.305333 0.315509 0.00190763 
0.285318 0.00190758 0.510585 
0.587224 0.303643 0.284044 
0.303643 0.314058 0.00168237 
0.284044 0.00168232 0.508064 
0.560785 0.289142 0.271483 
0.289142 0.300528 0.000702476 
0.271483 0.000702425 0.485473 
0.503115 0.256422 0.244316 
0.256422 0.271909 -0.00263761 
0.244316 -0.00263766 0.436714 
0.408636 0.198313 0.200921 
0.198313 0.228502 -0.013045 
0.200921 -0.013045 0.358637 
0.293483 0.114207 0.151337 
0.114207 0.185829 -0.0402832 
0.151337 -0.0402832 0.268741 
0.206301 0.0213808 0.121062 
0.0213808 0.176 -0.0928618 
0.121062 -0.0928618 0.212232 
0.181852 -0.0528057 0.12457 
-0.0528057 0.210465 -0.160452 
0.12457 -0.160452 0.21549 
0.197162 -0.0964678 0.144823 
-0.0964677 0.25877 -0.217159 
0.144823 -0.217159 0.249271 
0.214963 -0.1161 0.160603 
-0.1161 0.291301 -0.249185 
0.160603 -0.249185 0.276324 
0.22141 -0.12163 0.165896 
-0.12163 0.30307 -0.25977 
0.165896 -0.25977 0.285852 
0.217096 -0.119279 0.162601 
-0.119279 0.300003 -0.256413 
0.162601 -0.256413 0.281122 
0.204631 -0.111761 0.152966 
-0.111761 0.287797 -0.244258 
0.152966 -0.244258 0.266347 
0.185384 -0.0998201 0.137963 
-0.0998201 0.27052 -0.226214 
0.137963 -0.226214 0.24394 
0.160119 -0.083412 0.117955 
-0.083412 0.252749 -0.204989 
0.117955 -0.204989 0.21585 
0.130418 -0.0626354 0.0937945 
-0.0626354 0.241968 -0.18512 
0.0937945 -0.18512 0.185556 
0.0998095 -0.0385418 0.067743 
-0.0385418 0.249113 -0.173824 
0.067743 -0.173824 0.159264 
0.0734828 -0.0135296 0.0434913 
-0.0135296 0.284441 -0.178784 
0.0434913 -0.178784 0.144527 
0.0558421 0.00921814 0.0246645 
0.00921814 0.34883 -0.202583 
0.0246645 -0.202583 0.145642 
0.0476425 0.0271096 0.0127591 
0.0271096 0.428428 -0.238624 
0.0127591 -0.238624 0.159561 
0.0459163 0.0391507 0.00666796 
0.0391507 0.501036 -0.274301 
0.00666796 -0.274301 0.177549 
0.0466955 0.0457697 0.00414105 
0.0457697 0.548705 -0.298661 
0.00414105 -0.298661 0.191081 
0.0473882 0.0480018 0.00333598 
0.0480018 0.564031 -0.306728 
0.00333598 -0.306728 0.195725 
0.0472909 0.0468889 0.0033094 
0.0468889 0.54821 -0.298778 
0.0033094 -0.298778 0.191065 
0.047148 0.043334 0.00382051 
0.043334 0.507211 -0.2782 
0.00382051 -0.2782 0.179246 
0.0486907 0.03822 0.00503243 
0.03822 0.450046 -0.25041 
0.00503243 -0.25041 0.164069 
0.0541737 0.0325402 0.00727905 
0.0325402 0.388301 -0.222375 
0.00727905 -0.222375 0.150481 
0.0655946 0.0273486 0.0108451 
0.0273486 0.33451 -0.201405 
0.0108451 -0.201405 0.143518 
0.0836803 0.0235044 0.0157549 
0.0235044 0.298608 -0.192846 
0.0157549 -0.192846 0.146546 
0.107304 0.0213983 0.0216766 
0.0213983 0.284523 -0.198077 
0.0216766 -0.198077 0.159858 
0.13388 0.0208952 0.0280238 
0.0208952 0.289681 -0.214469 
0.0280238 -0.214469 0.180825 
0.160472 0.0215288 0.0341831 
0.0215288 0.30764 -0.237271 
0.0341831 -0.237271 0.205454 
0.184795 0.0227708 0.0397051 
0.0227708 0.331523 -0.261857 
0.0397051 -0.261857 0.230107 
0.205615 0.024207 0.0443689 
0.024207 0.356164 -0.285002 
0.0443689 -0.285002 0.252408 
0.222618 0.0255853 0.0481431 
0.0255853 0.3786 -0.30506 
0.0481431 -0.30506 0.271279 
0.23607 0.0267875 0.0511102 
0.0267875 0.397608 -0.321558 
0.0511102 -0.321558 0.286568 
0.2465 0.0277801 0.0534005 
0.0277801 0.413026 -0.33469 
0.0534005 -0.33469 0.298616 
0.254492 0.0285737 0.0551499 
0.0285737 0.425212 -0.344939 
0.0551499 -0.344939 0.307954 
0.260582 0.0291964 0.0564799 
0.0291964 0.4347 -0.352849 
0.0564799 -0.352849 0.315127 
0.265216 0.0296803 0.0574903 
0.0296803 0.442033 -0.358925 
0.0574903 -0.358925 0.320618 
0.268748 0.0300547 0.0582595 
0.0300547 0.447685 -0.363588 
0.0582595 -0.363588 0.324821 
