3,3,110
0.0471418 0.00990122 -0.0279414 
0.00990128 0.400871 -0.0947874 
-0.0279415 -0.0947872 0.245503 
0.0470697 0.00988622 -0.0278983 
0.00988628 0.400253 -0.0946426 
-0.0278983 -0.0946423 0.245124 
0.0469606 0.0098636 -0.0278328 
0.00986366 0.399315 -0.0944236 
-0.0278328 -0.0944234 0.244549 
0.0467931 0.00982902 -0.0277317 
0.00982908 0.397869 -0.0940874 
-0.0277318 -0.0940872 0.243662 
0.0465307 0.00977528 -0.0275722 
0.00977534 0.39559 -0.0935616 
-0.0275723 -0.0935614 0.242265 
0.0461124 0.00969071 -0.0273149 
0.00969077 0.39192 -0.0927246 
-0.027315 -0.0927244 0.240011 
0.0454376 0.00955733 -0.0268909 
0.00955739 0.385892 -0.0913781 
-0.026891 -0.0913779 0.236306 
0.0443513 0.0093518 -0.026182 
0.00935186 0.375869 -0.0892217 
-0.0261821 -0.0892215 0.230131 
0.0426625 0.00906156 -0.0249956 
0.00906161 0.359271 -0.0859053 
-0.0249957 -0.0859051 0.21986 
0.0403221 0.00875919 -0.0230644 
0.00875924 0.332803 -0.0814324 
-0.0230644 -0.0814322 0.203342 
0.0381193 0.00884684 -0.020176 
0.00884688 0.294969 -0.0776804 
-0.0201761 -0.0776803 0.179273 
0.0393578 0.01059 -0.016645 
0.01059 0.254026 -0.0819958 
-0.016645 -0.0819957 0.151775 
0.0511275 0.0164095 -0.0139935 
0.0164095 0.237916 -0.109781 
-0.0139935 -0.109781 0.136441 
0.0790593 0.0279219 -0.0143113 
0.0279219 0.279464 -0.172891 
-0.0143114 -0.172891 0.152663 
0.116537 0.0423825 -0.0175744 
0.0423825 0.369448 -0.256356 
-0.0175744 -0.256356 0.197008 
0.148898 0.0545206 -0.0213928 
0.0545206 0.459231 -0.327996 
-0.0213928 -0.327996 0.243268 
0.169009 0.0619693 -0.0240366 
0.0619693 0.518308 -0.372399 
-0.0240366 -0.372399 0.27418 
0.178859 0.0655972 -0.0253864 
0.0655972 0.547937 -0.394117 
-0.0253864 -0.394117 0.28978 
0.182634 0.0669838 -0.0259053 
0.0669838 0.559386 -0.402421 
-0.0259053 -0.402421 0.295824 
0.183212 0.0671953 -0.0259663 
0.0671953 0.561108 -0.403662 
-0.0259663 -0.403662 0.296735 
0.181962 0.0667343 -0.0257435 
0.0667343 0.557198 -0.400827 
-0.0257435 -0.400827 0.294674 
0.179306 0.0657547 -0.0252637 
0.0657547 0.548885 -0.394793 
-0.0252637 -0.394793 0.290294 
0.175178 0.0642279 -0.024444 
0.0642279 0.535834 -0.385284 
-0.024444 -0.385284 0.283429 
0.169312 0.0620474 -0.0230845 
0.0620474 0.516949 -0.371427 
-0.0230845 -0.371427 0.273525 
0.16153 0.0591292 -0.0208145 
0.0591292 0.491084 -0.352221 
-0.0208145 -0.352221 0.260031 
0.152201 0.0555698 -0.0169886 
0.0555698 0.458152 -0.327245 
-0.0169886 -0.327245 0.243009 
0.142972 0.0519037 -0.0105596 
0.0519037 0.420971 -0.29787 
-0.0105596 -0.29787 0.224152 
0.137602 0.0493975 -3.03995e-05 
0.0493975 0.387518 -0.268792 
-3.03986e-05 -0.268792 0.207998 
0.142038 0.0500946 0.0162679 
0.0500946 0.371632 -0.248679 
0.0162679 -0.248679 0.202261 
0.162462 0.0561589 0.0393347 
0.0561589 0.38898 -0.247839 
0.0393347 -0.247839 0.21552 
0.201297 0.0685055 0.0683584 
0.0685055 0.447801 -0.27244 
0.0683584 -0.27244 0.252061 
0.254256 0.0857611 0.100315 
0.0857611 0.541284 -0.319446 
0.100315 -0.319446 0.307709 
0.31193 0.104775 0.131081 
0.104775 0.650117 -0.377761 
0.131081 -0.377761 0.371393 
0.364812 0.122322 0.157279 
0.122322 0.753415 -0.434785 
0.157279 -0.434785 0.431328 
0.407144 0.136422 0.177325 
0.136422 0.837715 -0.48206 
0.177325 -0.48206 0.48002 
0.437341 0.14651 0.191242 
0.14651 0.89852 -0.516451 
0.191242 -0.516451 0.515065 
0.456351 0.152886 0.199872 
0.152886 0.937038 -0.538312 
0.199872 -0.538312 0.537275 
0.465895 0.156135 0.204195 
0.156135 0.956423 -0.549261 
0.204195 -0.549261 0.548548 
0.467388 0.156761 0.204942 
0.156761 0.959404 -0.550729 
0.204942 -0.550729 0.550559 
0.4615 0.155071 0.202481 
0.155071 0.947284 -0.543293 
0.202481 -0.543293 0.544251 
0.448119 0.151204 0.196845 
0.151204 0.919796 -0.5265 
0.196845 -0.5265 0.529878 
0.426597 0.14531 0.187889 
0.14531 0.875596 -0.498973 
0.187889 -0.498973 0.507499 
0.396351 0.137916 0.175622 
0.137916 0.813467 -0.458835 
0.175622 -0.458835 0.478045 
0.357949 0.130521 0.160769 
0.130521 0.734555 -0.404615 
0.160769 -0.404615 0.445124 
0.314624 0.126283 0.145498 
0.126283 0.645459 -0.336729 
0.145498 -0.336729 0.417195 
0.273379 0.130198 0.133841 
0.130198 0.560515 -0.259098 
0.133841 -0.259098 0.408451 
0.24399 0.147774 0.130892 
0.147774 0.499747 -0.179588 
0.130892 -0.179588 0.435411 
0.234807 0.181923 0.140354 
0.181923 0.480298 -0.107861 
0.140354 -0.107861 0.508161 
0.247649 0.230073 0.161871 
0.230073 0.505951 -0.051262 
0.161871 -0.051262 0.621701 
0.276521 0.284591 0.190778 
0.284591 0.56449 -0.0119259 
0.190778 -0.0119259 0.756348 
0.3116 0.336636 0.220757 
0.336636 0.635846 0.0126484 
0.220757 0.0126484 0.888083 
0.344472 0.380011 0.246897 
0.380011 0.702807 0.026851 
0.246897 0.0268511 0.999415 
0.370584 0.412339 0.266896 
0.412339 0.756043 0.0346684 
0.266896 0.0346684 1.08308 
0.388731 0.434024 0.280523 
0.434024 0.793082 0.0388503 
0.280523 0.0388503 1.13947 
0.399485 0.446656 0.288544 
0.446656 0.815102 0.0410357 
0.288544 0.0410357 1.17239 
0.403903 0.451886 0.291914 
0.451886 0.824303 0.0421521 
0.291914 0.0421521 1.186 
0.402836 0.450899 0.291372 
0.450899 0.822523 0.0427713 
0.291372 0.0427713 1.18331 
0.396692 0.444296 0.287344 
0.444296 0.810798 0.0433787 
0.287344 0.0433787 1.16584 
0.385445 0.432202 0.280025 
0.432202 0.78948 0.0446163 
0.280025 0.0446164 1.13383 
0.368813 0.414533 0.269582 
0.414533 0.758739 0.0475723 
0.269582 0.0475724 1.08695 
0.346571 0.39143 0.256506 
0.39143 0.719437 0.0541706 
0.256506 0.0541706 1.02535 
0.319027 0.363879 0.242093 
0.363879 0.674381 0.0676388 
0.242093 0.0676388 0.951279 
0.287608 0.334428 0.228971 
0.334428 0.629719 0.0928689 
0.228971 0.0928689 0.870902 
0.255323 0.307654 0.221345 
0.307654 0.595716 0.136226 
0.221345 0.136226 0.795581 
0.226655 0.289782 0.224482 
0.289782 0.58563 0.204208 
0.224482 0.204208 0.740996 
0.206498 0.286976 0.243075 
0.286976 0.611794 0.300758 
0.243075 0.300758 0.722962 
0.198335 0.302724 0.278952 
0.302724 0.679915 0.424196 
0.278952 0.424196 0.750848 
0.202634 0.335801 0.329516 
0.335801 0.784996 0.565839 
0.329516 0.565839 0.822388 
0.216629 0.38039 0.388198 
0.38039 0.912118 0.711798 
0.388198 0.711798 0.923787 
0.235601 0.428317 0.446729 
0.428317 1.0418 0.847127 
0.446729 0.847128 1.03516 
0.254684 0.471815 0.497697 
0.471815 1.1562 0.959732 
0.497697 0.959732 1.13738 
0.270097 0.505232 0.535982 
0.505232 1.24278 1.04211 
0.535982 1.04211 1.21641 
0.279478 0.525302 0.558832 
0.525302 1.29461 1.09091 
0.558832 1.09091 1.26402 
0.281618 0.530554 0.565173 
0.530554 1.30885 1.10542 
0.565173 1.10542 1.27648 
0.27604 0.520582 0.554878 
0.520582 1.28502 1.08623 
0.554878 1.08623 1.25273 
0.262729 0.495627 0.528365 
0.495627 1.22406 1.03463 
0.528365 1.03463 1.19338 
0.242084 0.456566 0.486644 
0.456566 1.12836 0.952829 
0.486644 0.952829 1.1007 
0.215066 0.405247 0.431706 
0.405247 1.0027 0.8448 
0.431706 0.8448 0.97941 
0.183388 0.344889 0.366971 
0.344889 0.855232 0.71724 
0.366971 0.71724 0.837564 
0.149554 0.280185 0.297422 
0.280185 0.6977 0.579872 
0.297422 0.579872 0.68677 
0.116558 0.216765 0.229049 
0.216765 0.544103 0.444414 
0.229049 0.444414 0.54075 
0.0872367 0.160006 0.167602 
0.160006 0.407685 0.322155 
0.167602 0.322155 0.412355 
0.063549 0.113679 0.117148 
0.113679 0.297569 0.221164 
0.117148 0.221164 0.310241 
0.0461627 0.0791595 0.079229 
0.0791595 0.21685 0.144614 
0.079229 0.144614 0.237059 
0.0345615 0.0555982 0.0530209 
0.0555982 0.163096 0.091059 
0.0530209 0.091059 0.190032 
0.027527 0.0408002 0.0362515 
0.0408002 0.130605 0.0561854 
0.0362515 0.0561854 0.163266 
0.023676 0.0322197 0.026248 
0.0322197 0.112914 0.0348442 
0.026248 0.0348442 0.150253 
0.0218178 0.0276333 0.0206552 
0.0276333 0.104469 0.0224528 
0.0206552 0.0224528 0.145501 
0.0210878 0.0254019 0.0177204 
0.0254019 0.101238 0.0155687 
0.0177204 0.0155687 0.145103 
0.0209278 0.0244492 0.0162812 
0.0244492 0.100623 0.011884 
0.0162812 0.011884 0.146602 
0.0210032 0.0241204 0.0156241 
0.0241204 0.101071 0.00997046 
0.0156241 0.00997046 0.148557 
0.0211106 0.0240238 0.0153262 
0.0240238 0.101632 0.00898879 
0.0153262 0.00898879 0.150069 
0.0210934 0.0238924 0.0151204 
0.0238924 0.10157 0.00845413 
0.0151204 0.00845414 0.150327 
0.0207679 0.0234745 0.0147948 
0.0234745 0.100007 0.00807725 
0.0147948 0.00807725 0.148168 
0.019878 0.0224768 0.0141371 
0.0224768 0.095692 0.00769518 
0.0141371 0.00769519 0.14175 
0.0181563 0.0206644 0.0129875 
0.0206644 0.0872601 0.00735196 
0.0129875 0.00735197 0.128843 
0.0156323 0.0182835 0.0114988 
0.0182835 0.0746352 0.00759754 
0.0114988 0.00759754 0.108675 
0.0130703 0.0165807 0.0104606 
0.0165807 0.061113 0.00971214 
0.0104606 0.00971214 0.0849428 
0.0117652 0.0173142 0.0109824 
0.0173142 0.05263 0.0149543 
0.0109824 0.0149543 0.065528 
0.0123736 0.02101 0.0133873 
0.02101 0.0525621 0.0230107 
0.0133873 0.0230107 0.0561032 
0.0143305 0.0263675 0.0168394 
0.0263675 0.0588479 0.0319421 
0.0168394 0.0319421 0.0556656 
0.0166376 0.0316823 0.0202524 
0.0316823 0.0672561 0.0398673 
0.0202524 0.0398673 0.0597317 
0.0186589 0.0360241 0.0230361 
0.0360241 0.0749363 0.0459923 
0.0230361 0.0459923 0.0647342 
0.0202025 0.0392266 0.0250877 
0.0392266 0.0809141 0.0503754 
0.0250877 0.0503754 0.0690722 
0.0213051 0.0414709 0.0265247 
0.0414709 0.0852274 0.0533935 
0.0265247 0.0533935 0.0723694 
0.022067 0.0430043 0.0275063 
0.0430043 0.088225 0.0554339 
0.0275063 0.0554339 0.074727 
0.0225821 0.0440339 0.0281653 
0.0440339 0.0902588 0.0567949 
0.0281653 0.0567949 0.0763535 
0.0229204 0.0447073 0.0285962 
0.0447073 0.0915975 0.0576814 
0.0285962 0.0576814 0.077435 
0.0231288 0.0451208 0.0288609 
0.0451208 0.0924229 0.0582243 
0.0288609 0.0582243 0.0781059 
0.0232355 0.0453324 0.0289962 
0.0453324 0.092846 0.0585017 
0.0289962 0.0585017 0.078451 
