4  21
0.0473415  0.0450104  0.0512628  0.044457  0.0517522  0.0512  0.0381339  0.0501475  0.0421075  0.0560738  0.0471915  0.0484541  0.0624682  0.0436825  0.0425593  0.0390665  0.056769  0.0439238  0.0439479  0.0536684  0.0407822  
4.13728  -6.52425  3.00725  -0.643546  
10.9488  0.836744  -0.464189  -1.02363  
18.2046  -0.150497  -0.12136  0.421975  
25.3526  -0.641133  0.544109  0.522561  
32.5819  1.04605  -0.376326  -0.659884  
40.3269  -0.72122  -0.302253  0.207232  
47.0315  0.37278  0.516667  0.564932  
53.6231  0.00243621  0.0550819  -0.461684  
60.543  -0.76412  -0.222389  -0.415183  
67.9025  0.780253  0.21339  0.833828  
75.6652  -0.599215  0.164542  -0.509258  
82.8129  -0.249883  -0.421012  -0.388088  
91.2402  0.623632  0.0835315  0.665454  
99.0003  -0.72337  0.226562  -0.416163  
105.615  0.195044  -0.410408  -0.533055  
111.685  0.515611  -0.214707  0.588707  
118.923  -0.779162  0.624445  0.29423  
126.442  1.30504  -0.590434  -0.887282  
133.019  -0.770331  -0.100162  0.34678  
140.367  -0.319725  0.530468  0.457765  
147.391  0.860245  -0.496353  -0.80754  
4.6853  2.7213  -1.82145  -0.200381  
2.7213  3.41813  -1.71554  -0.312493  
-1.82145  -1.71554  1.09152  0.169675  
-0.200381  -0.312493  0.169675  0.14935  
4.7666  2.2102  -0.765241  0.994105  
2.2102  2.59929  -0.734712  0.440483  
-0.765241  -0.734712  0.310635  -0.132986  
0.994105  0.440483  -0.132986  0.256962  
5.76818  2.43934  -0.43735  0.962786  
2.43934  1.74821  -0.240395  0.585314  
-0.43735  -0.240395  0.378088  0.0100197  
0.962786  0.585314  0.0100197  0.346048  
4.41325  -3.81906  1.13748  -0.576387  
-3.81906  4.56555  -1.02512  0.626709  
1.13748  -1.02512  0.373578  -0.151039  
-0.576387  0.626709  -0.151039  0.344268  
5.51338  1.75062  -1.08252  -0.143313  
1.75062  1.43051  -0.587553  -0.184288  
-1.08252  -0.587553  0.511499  0.295364  
-0.143313  -0.184288  0.295364  0.351203  
5.42162  2.52028  -0.372008  1.06425  
2.52028  2.7633  -0.382026  0.699114  
-0.372008  -0.382026  0.187843  -0.0768287  
1.06425  0.699114  -0.0768287  0.429197  
3.41875  -2.44938  0.730779  -0.390705  
-2.44938  2.34694  -0.618391  0.318976  
0.730779  -0.618391  0.232113  -0.0679849  
-0.390705  0.318976  -0.0679849  0.0845698  
5.39453  4.43095  -1.48177  -0.656194  
4.43095  4.40441  -1.32825  -0.742942  
-1.48177  -1.32825  0.605821  0.354482  
-0.656194  -0.742942  0.354482  0.337881  
3.91482  -2.62435  0.752078  0.520536  
-2.62435  3.30963  -0.66731  -0.273773  
0.752078  -0.66731  0.2385  0.114579  
0.520536  -0.273773  0.114579  0.166897  
6.27393  -0.887009  1.25937  -0.0881698  
-0.887009  1.40109  -0.3254  0.00760324  
1.25937  -0.3254  0.431271  0.099462  
-0.0881698  0.00760324  0.099462  0.163718  
4.43019  3.68222  -1.50794  -1.02619  
3.68222  3.63625  -1.31241  -0.896783  
-1.50794  -1.31241  0.663607  0.468238  
-1.02619  -0.896783  0.468238  0.517392  
4.51128  -3.91385  0.96965  0.75993  
-3.91385  4.16394  -0.905617  -0.608645  
0.96965  -0.905617  0.266955  0.196359  
0.75993  -0.608645  0.196359  0.200707  
8.2415  -0.796935  1.19799  -0.333891  
-0.796935  1.38392  -0.305695  0.0969085  
1.19799  -0.305695  0.343872  -0.0215309  
-0.333891  0.0969085  -0.0215309  0.0786099  
4.08084  4.21938  -1.21846  -1.43502  
4.21938  4.97731  -1.24389  -1.30342  
-1.21846  -1.24389  0.473433  0.523494  
-1.43502  -1.30342  0.523494  0.743445  
3.60828  -3.60244  0.722975  0.755277  
-3.60244  3.96212  -0.813435  -0.69951  
0.722975  -0.813435  0.292798  0.179941  
0.755277  -0.69951  0.179941  0.242141  
3.15791  2.35513  -0.439925  0.139283  
2.35513  2.10329  -0.408883  0.216364  
-0.439925  -0.408883  0.255648  -0.0164008  
0.139283  0.216364  -0.0164008  0.0997988  
6.48044  -1.37607  -0.376508  -0.990761  
-1.37607  2.32596  -0.503724  0.0864486  
-0.376508  -0.503724  0.310376  0.111428  
-0.990761  0.0864486  0.111428  0.251784  
4.23741  -0.420523  0.187507  0.571108  
-0.420523  1.03819  -0.13739  -0.0978597  
0.187507  -0.13739  0.0729101  0.0192352  
0.571108  -0.0978597  0.0192352  0.0978353  
4.1094  2.72986  -0.28131  0.93927  
2.72986  2.55751  -0.406311  0.711339  
-0.28131  -0.406311  0.227324  -0.0900962  
0.93927  0.711339  -0.0900962  0.320638  
5.85702  -3.80061  0.7481  -0.53191  
-3.80061  3.14384  -0.692367  0.336408  
0.7481  -0.692367  0.2094  -0.045423  
-0.53191  0.336408  -0.045423  0.129185  
3.33844  2.1863  -0.50435  -0.268417  
2.1863  1.86362  -0.407151  -0.288954  
-0.50435  -0.407151  0.141816  0.106441  
-0.268417  -0.288954  0.106441  0.227243  
