4  13
0.0611883  0.089122  0.0792162  0.0766791  0.0764105  0.0842225  0.0713336  0.0735499  0.0804484  0.0881309  0.0662605  0.0884886  0.0649495  
5.11959  -3.85153  1.85611  -0.341718  
16.393  -8.72841  3.78229  -1.93113  
28.9936  -8.52887  3.84673  -1.27039  
40.6633  -8.52338  3.62189  -1.88725  
52.1578  -8.67982  3.6992  -1.24355  
64.1986  -8.55858  3.54276  -1.88809  
75.8514  -8.65794  4.00815  -1.09581  
86.7409  -8.52087  3.59234  -1.8576  
98.2931  -8.67634  3.69958  -1.07612  
110.957  -8.46029  3.5067  -1.74667  
122.481  -8.64771  3.86467  -1.05813  
134.148  -8.45212  3.55221  -1.79159  
145.584  -8.65012  3.84099  -1.13322  
7.21222  -7.32893  3.45499  -0.715518  
-7.32893  7.67407  -3.55974  0.719429  
3.45499  -3.55974  1.69871  -0.34765  
-0.715518  0.719429  -0.34765  0.0896698  
15.7799  -0.175402  -0.503191  -1.11279  
-0.175402  0.0544299  -0.015323  0.00845111  
-0.503191  -0.015323  0.0719309  0.0174106  
-1.11279  0.00845111  0.0174106  0.176427  
13.1217  -1.20421  0.841385  0.490647  
-1.20421  0.191852  -0.0963166  -0.0190193  
0.841385  -0.0963166  0.198335  0.0822615  
0.490647  -0.0190193  0.0822615  0.12126  
12.2623  -0.653854  -0.752065  -0.0755263  
-0.653854  0.111441  0.0430418  0.0116283  
-0.752065  0.0430418  0.0651898  0.0101595  
-0.0755263  0.0116283  0.0101595  0.0963833  
11.9737  -1.26129  1.11615  0.32788  
-1.26129  0.207442  -0.119001  -0.0123205  
1.11615  -0.119001  0.144436  0.075081  
0.32788  -0.0123205  0.075081  0.105521  
14.1291  -0.31237  -0.530573  0.0234094  
-0.31237  0.0941494  0.0140489  0.0385334  
-0.530573  0.0140489  0.0429278  0.0251446  
0.0234094  0.0385334  0.0251446  0.0928733  
9.9663  -1.09031  0.759873  -0.0751122  
-1.09031  0.191419  -0.101676  -0.00910905  
0.759873  -0.101676  0.110933  0.00254132  
-0.0751122  -0.00910905  0.00254132  0.0779241  
10.3087  -0.699172  -0.651131  -0.0981769  
-0.699172  0.0999053  0.0332855  0.00458778  
-0.651131  0.0332855  0.0664148  0.00823961  
-0.0981769  0.00458778  0.00823961  0.0594207  
12.2986  -1.31558  0.916301  0.408055  
-1.31558  0.216534  -0.122893  -0.0639054  
0.916301  -0.122893  0.143449  0.04  
0.408055  -0.0639054  0.04  0.126475  
15.0287  -0.100621  -0.587752  0.13723  
-0.100621  0.0814779  0.00597459  0.00297566  
-0.587752  0.00597459  0.0546631  -0.0101029  
0.13723  0.00297566  -0.0101029  0.0803545  
8.63655  -1.08139  0.62372  -0.0965598  
-1.08139  0.194249  -0.102992  -0.0344975  
0.62372  -0.102992  0.078755  -0.00200567  
-0.0965598  -0.0344975  -0.00200567  0.0826599  
15.1271  -0.229543  -0.491133  0.091052  
-0.229543  0.0811577  0.00202133  0.0265412  
-0.491133  0.00202133  0.0369527  -0.00843132  
0.091052  0.0265412  -0.00843132  0.103534  
8.2473  -1.11231  0.463233  -0.140496  
-1.11231  0.208029  -0.0922601  -0.0104052  
0.463233  -0.0922601  0.0653683  -0.0110721  
-0.140496  -0.0104052  -0.0110721  0.0879457  
