3,3,150
1.83725 -0.657506 -0.196075 
-0.657506 0.383351 0.0917594 
-0.196075 0.0917594 0.140757 
1.83629 -0.657162 -0.195973 
-0.657162 0.38315 0.0917114 
-0.195973 0.0917114 0.140683 
1.83231 -0.655737 -0.195547 
-0.655737 0.382319 0.0915125 
-0.195547 0.0915125 0.140378 
1.81589 -0.649855 -0.19379 
-0.649855 0.378889 0.0906907 
-0.19379 0.0906907 0.139118 
1.75019 -0.626239 -0.186696 
-0.626239 0.365101 0.0873803 
-0.186696 0.0873803 0.134045 
1.52017 -0.542384 -0.160912 
-0.542384 0.315928 0.0754566 
-0.160912 0.0754566 0.115828 
1.03282 -0.352463 -0.0964331 
-0.352463 0.202349 0.0467206 
-0.0964331 0.0467206 0.0724925 
0.890304 -0.240977 -0.0326064 
-0.240977 0.126244 0.0224622 
-0.0326064 0.0224622 0.0381851 
1.26128 -0.307023 -0.0185707 
-0.307023 0.152503 0.0220832 
-0.0185707 0.0220832 0.0408077 
1.47674 -0.356483 -0.0193392 
-0.356483 0.176267 0.0250095 
-0.0193392 0.0250095 0.0466249 
1.51802 -0.36626 -0.0197189 
-0.36626 0.181092 0.0256678 
-0.0197189 0.0256678 0.0478803 
1.44858 -0.349329 -0.0185382 
-0.349329 0.173177 0.0245939 
-0.0185382 0.0245939 0.0459224 
1.19459 -0.286142 -0.0122002 
-0.286142 0.147084 0.0214491 
-0.0122001 0.0214491 0.0405503 
0.719166 -0.157214 0.0166741 
-0.157214 0.12179 0.0219975 
0.0166741 0.0219975 0.0452642 
0.493096 -0.060767 0.0864874 
-0.060767 0.18738 0.0434706 
0.0864874 0.0434706 0.0961945 
0.604104 -0.0489191 0.146701 
-0.0489191 0.285951 0.0686671 
0.146701 0.0686671 0.153221 
0.68434 -0.0530803 0.169914 
-0.0530803 0.329091 0.0791976 
0.169914 0.0791976 0.176809 
0.706117 -0.0546358 0.175533 
-0.0546358 0.339856 0.0817977 
0.175533 0.0817977 0.18262 
0.699921 -0.0541435 0.173983 
-0.0541435 0.336831 0.0810677 
0.173983 0.0810677 0.181021 
0.651382 -0.0502606 0.1615 
-0.0502606 0.312287 0.0751116 
0.1615 0.0751116 0.168339 
0.518537 -0.0381581 0.122509 
-0.0381581 0.231417 0.0549452 
0.122509 0.0549452 0.132144 
0.48986 -0.0241815 0.076948 
-0.0241815 0.108547 0.0208492 
0.076948 0.0208492 0.112902 
0.826954 -0.0281024 0.0883241 
-0.0281024 0.0652554 0.00190585 
0.0883241 0.00190585 0.177802 
1.10582 -0.0359036 0.11263 
-0.0359036 0.0717156 -0.00183714 
0.11263 -0.00183714 0.236075 
1.20153 -0.0388887 0.121951 
-0.0388886 0.0767336 -0.00232599 
0.121951 -0.00232599 0.256384 
1.19583 -0.0387817 0.121247 
-0.0387816 0.0763772 -0.00223127 
0.121247 -0.00223127 0.255222 
1.07488 -0.0360627 0.107711 
-0.0360627 0.0700042 -0.000504951 
0.107711 -0.000504951 0.230306 
0.755167 -0.0384959 0.0617803 
-0.0384959 0.064029 0.0160662 
0.0617803 0.0160662 0.171625 
0.516338 -0.0929752 -0.028125 
-0.0929752 0.118981 0.0941576 
-0.028125 0.0941576 0.167093 
0.680783 -0.184369 -0.102306 
-0.184369 0.22658 0.201239 
-0.102306 0.201239 0.266419 
0.821076 -0.228585 -0.129958 
-0.228585 0.280293 0.250474 
-0.129958 0.250474 0.325965 
0.860286 -0.239809 -0.136489 
-0.239809 0.294025 0.262819 
-0.136489 0.262819 0.34176 
0.860106 -0.239761 -0.136452 
-0.239761 0.29396 0.262757 
-0.136452 0.262757 0.341679 
0.825632 -0.229966 -0.130622 
-0.229966 0.281876 0.251838 
-0.130622 0.251838 0.327659 
0.711802 -0.195582 -0.107397 
-0.195582 0.238657 0.211523 
-0.107397 0.211523 0.277781 
0.565098 -0.130626 -0.037264 
-0.130626 0.149373 0.116446 
-0.037264 0.116446 0.177246 
0.823267 -0.121469 0.0797691 
-0.121469 0.105627 0.0258594 
0.0797691 0.0258594 0.137332 
1.28905 -0.170711 0.162841 
-0.170711 0.133692 -0.000204567 
0.162841 -0.000204567 0.180816 
1.50622 -0.197959 0.193221 
-0.197959 0.153755 -0.0033984 
0.193221 -0.0033984 0.208622 
1.56794 -0.205976 0.201322 
-0.205976 0.159901 -0.00373487 
0.201322 -0.00373487 0.217004 
1.57133 -0.206417 0.201769 
-0.206416 0.160239 -0.00375444 
0.201769 -0.00375444 0.217463 
1.49979 -0.197032 0.192553 
-0.197032 0.152956 -0.00357024 
0.192553 -0.00357024 0.207527 
1.17816 -0.155121 0.150518 
-0.155121 0.120466 -0.00246437 
0.150518 -0.00246437 0.16218 
0.590029 -0.0810988 0.0679758 
-0.0810988 0.0634396 0.00215943 
0.0679758 0.00215943 0.0728054 
0.439317 -0.0684103 0.0332012 
-0.0684103 0.0545475 0.00958818 
0.0332012 0.00958818 0.0344214 
0.523219 -0.0836302 0.034861 
-0.0836302 0.0669308 0.0135658 
0.034861 0.0135658 0.0356874 
0.552844 -0.0885226 0.036418 
-0.0885226 0.0708939 0.0145351 
0.036418 0.0145351 0.0373689 
0.520463 -0.0833114 0.0334192 
-0.0833114 0.0670849 0.0142048 
0.0334192 0.0142048 0.0358353 
0.406508 -0.0646375 0.016373 
-0.0646375 0.0562494 0.0169902 
0.016373 0.0169902 0.0358821 
0.345289 -0.052121 -0.0484941 
-0.052121 0.0724889 0.0522467 
-0.0484941 0.0522467 0.0811246 
0.562579 -0.0819605 -0.145398 
-0.0819605 0.144394 0.125355 
-0.145398 0.125355 0.186057 
0.717308 -0.104249 -0.191062 
-0.104249 0.186355 0.163271 
-0.191062 0.163271 0.241835 
0.755659 -0.109814 -0.201482 
-0.109814 0.1964 0.172125 
-0.201482 0.172125 0.254931 
0.757338 -0.110057 -0.201927 
-0.110057 0.196833 0.172505 
-0.201927 0.172505 0.255495 
0.731248 -0.106234 -0.194728 
-0.106234 0.189899 0.166394 
-0.194728 0.166394 0.246481 
0.628192 -0.0905848 -0.161957 
-0.0905848 0.159767 0.139252 
-0.161957 0.139252 0.207106 
0.514578 -0.0665743 -0.0727133 
-0.0665743 0.0929618 0.07252 
-0.0727133 0.07252 0.117452 
0.859134 -0.0928396 0.0225348 
-0.0928396 0.0641923 0.0213313 
0.0225348 0.0213313 0.070781 
1.29424 -0.13642 0.0609735 
-0.13642 0.0796129 0.0134057 
0.0609735 0.0134057 0.083098 
1.45665 -0.153302 0.0704938 
-0.153302 0.0884248 0.0137958 
0.0704938 0.0137958 0.0919003 
1.45938 -0.153579 0.0707163 
-0.153579 0.0885626 0.0137884 
0.0707162 0.0137884 0.0920056 
1.31796 -0.138771 0.0634896 
-0.138771 0.080555 0.0130494 
0.0634895 0.0130494 0.0835534 
0.949376 -0.100727 0.0418376 
-0.100727 0.0639321 0.0155418 
0.0418376 0.0155418 0.0649812 
0.704516 -0.0786964 0.0109537 
-0.0786964 0.0778957 0.0432054 
0.0109537 0.0432054 0.0729478 
0.994893 -0.114655 -0.002458 
-0.114655 0.13717 0.0892696 
-0.00245801 0.0892696 0.125074 
1.20756 -0.139469 -0.00454124 
-0.139469 0.168853 0.110807 
-0.00454124 0.110807 0.153727 
1.26265 -0.145844 -0.00481059 
-0.145844 0.17665 0.115961 
-0.00481059 0.115961 0.160817 
1.27033 -0.146732 -0.00484184 
-0.146732 0.177727 0.116669 
-0.00484184 0.116669 0.161797 
1.25694 -0.145185 -0.00479299 
-0.145185 0.175858 0.115443 
-0.00479299 0.115443 0.160103 
1.18472 -0.136833 -0.00457134 
-0.136833 0.165843 0.108895 
-0.00457134 0.108895 0.15117 
0.923205 -0.106456 -0.00452925 
-0.106456 0.130855 0.0863912 
-0.00452925 0.0863912 0.122591 
0.497252 -0.0558904 -0.0105553 
-0.0558904 0.0840787 0.0594047 
-0.0105553 0.0594047 0.106237 
0.412268 -0.0430872 -0.026967 
-0.0430872 0.100229 0.0781451 
-0.026967 0.0781451 0.178326 
0.507648 -0.0521531 -0.0382627 
-0.0521531 0.13189 0.104245 
-0.0382627 0.104245 0.244635 
0.553611 -0.0568028 -0.0421318 
-0.0568028 0.14451 0.114326 
-0.0421318 0.114326 0.26879 
0.562825 -0.0577424 -0.042859 
-0.0577424 0.14696 0.116271 
-0.042859 0.116271 0.273401 
0.542165 -0.0556111 -0.041203 
-0.0556111 0.141459 0.111909 
-0.041203 0.111909 0.263142 
0.451328 -0.0460734 -0.032636 
-0.0460734 0.115592 0.0912432 
-0.032636 0.0912431 0.214473 
0.329106 -0.0312633 -0.00617666 
-0.0312633 0.0613506 0.0462392 
-0.00617666 0.0462392 0.107872 
0.493787 -0.0418979 0.0285662 
-0.0418979 0.0427996 0.025803 
0.0285662 0.025803 0.0576743 
0.686397 -0.0575399 0.0450048 
-0.0575399 0.0526004 0.0297683 
0.0450048 0.0297683 0.0655881 
0.742775 -0.0622356 0.0489465 
-0.0622356 0.0566028 0.0319296 
0.0489465 0.0319296 0.0702971 
0.742017 -0.062187 0.0489021 
-0.062187 0.0565463 0.0318797 
0.0489021 0.0318797 0.0701864 
0.703784 -0.0591226 0.0463454 
-0.0591226 0.0537544 0.030186 
0.0463454 0.030186 0.0664671 
0.601176 -0.0517775 0.0392471 
-0.0517775 0.0470303 0.0253225 
0.0392471 0.0253225 0.0558476 
0.484231 -0.0508254 0.0291708 
-0.0508254 0.0458452 0.0170879 
0.0291708 0.0170879 0.0383387 
0.697449 -0.0968117 0.0356952 
-0.0968117 0.0866454 0.0160476 
0.0356952 0.0160476 0.0380196 
1.08553 -0.157305 0.0537831 
-0.157305 0.140642 0.0225733 
0.0537831 0.0225733 0.0543474 
1.25535 -0.182352 0.0620805 
-0.182352 0.163026 0.0259465 
0.0620805 0.0259465 0.0625319 
1.29697 -0.188415 0.0641332 
-0.188415 0.168447 0.0267996 
0.0641332 0.0267996 0.0645908 
1.3042 -0.189467 0.0644908 
-0.189467 0.169387 0.0269489 
0.0644908 0.0269489 0.0649508 
1.3 -0.188856 0.064284 
-0.188856 0.168841 0.0268626 
0.064284 0.0268626 0.0647428 
1.26972 -0.184435 0.0628164 
-0.184435 0.164914 0.0262533 
0.0628164 0.0262533 0.0632761 
1.13648 -0.164606 0.0569038 
-0.164606 0.147744 0.0238713 
0.0569038 0.0238713 0.0575793 
0.776845 -0.106384 0.0476339 
-0.106384 0.102727 0.0211151 
0.0476339 0.0211151 0.0514932 
0.4431 -0.0306669 0.0699257 
-0.0306669 0.0670893 0.0355223 
0.0699257 0.0355224 0.0887533 
0.455606 0.00456063 0.123318 
0.00456063 0.0791996 0.0647604 
0.123318 0.0647604 0.162671 
0.541152 0.0130427 0.157336 
0.0130427 0.096229 0.0828856 
0.157336 0.0828857 0.208304 
0.581958 0.0149419 0.170505 
0.0149419 0.103745 0.0898523 
0.170505 0.0898523 0.225823 
0.584544 0.0151072 0.171422 
0.0151072 0.104257 0.0903394 
0.171422 0.0903394 0.227052 
0.516462 0.0127221 0.151146 
0.0127221 0.0926449 0.0796536 
0.151146 0.0796537 0.200272 
0.31007 -0.00346829 0.0849603 
-0.00346829 0.0647144 0.0447589 
0.0849602 0.0447589 0.113874 
0.241595 -0.0491211 0.0420159 
-0.0491211 0.0884174 0.0220681 
0.042016 0.0220681 0.0621157 
0.32455 -0.0807336 0.0487608 
-0.0807336 0.130847 0.0255773 
0.0487608 0.0255773 0.0749905 
0.356108 -0.0892486 0.0531558 
-0.0892486 0.144114 0.0278809 
0.0531559 0.0278809 0.0819012 
0.359432 -0.090106 0.0536413 
-0.090106 0.145481 0.0281335 
0.0536414 0.0281335 0.0826521 
0.338356 -0.0848145 0.0505815 
-0.0848145 0.137027 0.0264494 
0.0505815 0.0264494 0.0778248 
0.247289 -0.0617452 0.039352 
-0.0617452 0.102266 0.0183826 
0.0393521 0.0183826 0.0574242 
0.183664 -0.0437904 0.0496112 
-0.0437904 0.0940711 0.00554716 
0.0496112 0.00554716 0.0473139 
0.282839 -0.0659466 0.0910827 
-0.0659466 0.157916 0.00270196 
0.0910827 0.00270196 0.07622 
0.328281 -0.0764756 0.106386 
-0.0764756 0.183873 0.00285353 
0.106386 0.00285353 0.088603 
0.328735 -0.076639 0.106129 
-0.076639 0.183684 0.00286817 
0.106129 0.00286817 0.0884864 
0.305672 -0.0719328 0.0939067 
-0.0719328 0.165608 0.00288778 
0.0939067 0.00288778 0.0795418 
0.331529 -0.0850844 0.0514938 
-0.0850844 0.124914 0.00546259 
0.0514938 0.00546259 0.0574234 
0.872985 -0.24808 -0.0356752 
-0.24808 0.142872 0.0223106 
-0.0356752 0.0223106 0.0530957 
1.68359 -0.483021 -0.101488 
-0.483021 0.240027 0.0445398 
-0.101488 0.0445398 0.0836725 
1.97411 -0.566549 -0.120267 
-0.566549 0.280071 0.0522842 
-0.120267 0.0522842 0.0973857 
2.02511 -0.581188 -0.123404 
-0.581188 0.287274 0.0536361 
-0.123404 0.0536361 0.0998845 
2.02729 -0.581813 -0.123537 
-0.581813 0.287582 0.0536938 
-0.123537 0.0536938 0.0999917 
2.00232 -0.574637 -0.122014 
-0.574637 0.284036 0.0530306 
-0.122014 0.0530306 0.0987585 
1.87993 -0.53927 -0.114528 
-0.53927 0.266563 0.0497419 
-0.114528 0.0497419 0.0926808 
1.45373 -0.412808 -0.0880717 
-0.412808 0.2042 0.0376496 
-0.0880717 0.0376496 0.0709579 
0.8037 -0.195255 -0.0448382 
-0.195255 0.0977614 0.0144205 
-0.0448382 0.0144205 0.033652 
0.70178 -0.100821 -0.0310099 
-0.100821 0.0533846 -0.000921724 
-0.0310099 -0.000921724 0.0175974 
0.868168 -0.105245 -0.0360857 
-0.105245 0.0571005 -0.0049186 
-0.0360857 -0.0049186 0.018474 
0.949352 -0.11333 -0.039254 
-0.11333 0.0616343 -0.00571958 
-0.039254 -0.00571958 0.0199047 
0.958146 -0.114251 -0.0395822 
-0.114251 0.0621612 -0.00580465 
-0.0395822 -0.00580465 0.0200777 
0.880224 -0.105386 -0.0359639 
-0.105386 0.0576379 -0.00540684 
-0.0359639 -0.00540684 0.0187468 
0.62265 -0.0814691 -0.0191852 
-0.0814691 0.0492329 -0.00495213 
-0.0191852 -0.00495213 0.0180458 
0.42691 -0.0977568 0.0247047 
-0.0977568 0.0849728 -0.0102184 
0.0247047 -0.0102184 0.0413348 
0.587201 -0.170564 0.0666021 
-0.170564 0.161009 -0.0199342 
0.0666021 -0.0199342 0.0818102 
0.699292 -0.206093 0.0819984 
-0.206093 0.195374 -0.0242227 
0.0819984 -0.0242227 0.0994795 
0.72078 -0.212564 0.0846348 
-0.212564 0.201539 -0.0249854 
0.0846348 -0.0249854 0.10263 
0.692184 -0.204145 0.0811834 
-0.204145 0.193466 -0.0239436 
0.0811834 -0.0239436 0.0985451 
0.581592 -0.171629 0.0669543 
-0.171629 0.161478 -0.0194626 
0.0669543 -0.0194626 0.082578 
0.387242 -0.115183 0.033263 
-0.115183 0.0978253 -0.00706356 
0.033263 -0.00706356 0.0529825 
0.414047 -0.125859 0.00184318 
-0.125859 0.0757179 0.0100135 
0.0018432 0.0100135 0.0506889 
0.587963 -0.179503 -0.00709352 
-0.179503 0.0992061 0.019278 
-0.0070935 0.019278 0.0702635 
0.658191 -0.200986 -0.00847586 
-0.200986 0.110597 0.0218594 
-0.00847583 0.0218594 0.0785614 
0.673713 -0.205728 -0.00869609 
-0.205728 0.113188 0.0223855 
-0.00869606 0.0223855 0.0804105 
0.673954 -0.205801 -0.0087004 
-0.205801 0.113228 0.0223941 
-0.00870037 0.0223941 0.08044 
0.656137 -0.200346 -0.00849744 
-0.200346 0.110233 0.021815 
-0.00849741 0.021815 0.0783521 
0.562307 -0.171242 -0.0081698 
-0.171242 0.094412 0.0191205 
-0.00816977 0.0191205 0.0684187 
0.335266 -0.0953712 -0.0180328 
-0.0953712 0.0554439 0.0177051 
-0.0180328 0.0177051 0.0596462 
0.27891 -0.0560435 -0.0605668 
-0.0560435 0.0431892 0.0365558 
-0.0605667 0.0365558 0.114887 
0.368987 -0.0662414 -0.0955831 
-0.0662413 0.0561422 0.0557655 
-0.0955831 0.0557655 0.174129 
0.412388 -0.0734424 -0.107981 
-0.0734423 0.0626714 0.0628781 
-0.107981 0.0628781 0.196265 
0.425672 -0.0757644 -0.111544 
-0.0757644 0.0646846 0.0649443 
-0.111544 0.0649443 0.202709 
0.429676 -0.0764731 -0.112601 
-0.0764731 0.0652925 0.0655589 
-0.112601 0.0655589 0.204627 
0.430984 -0.0767056 -0.112945 
-0.0767055 0.0654914 0.065759 
-0.112945 0.065759 0.205251 
