3,3,150
0.225749 -0.0486741 -0.00764111 
-0.0486739 0.0434571 -0.00486663 
-0.00764111 -0.00486663 0.0186189 
0.225311 -0.0485797 -0.00762629 
-0.0485795 0.043373 -0.00485726 
-0.00762629 -0.00485726 0.0185832 
0.224484 -0.0484016 -0.00759833 
-0.0484013 0.0432144 -0.00483966 
-0.00759833 -0.00483966 0.0185162 
0.222843 -0.0480482 -0.00754289 
-0.048048 0.0429007 -0.00480508 
-0.00754289 -0.00480508 0.0183853 
0.219421 -0.047312 -0.00742743 
-0.0473118 0.0422503 -0.00473442 
-0.00742743 -0.00473442 0.0181203 
0.211984 -0.0457165 -0.00717748 
-0.0457162 0.0408564 -0.00458805 
-0.00717748 -0.00458805 0.017584 
0.195628 -0.0422285 -0.00663247 
-0.0422283 0.0378918 -0.00430353 
-0.00663247 -0.00430353 0.0166112 
0.161876 -0.0351424 -0.00553269 
-0.0351422 0.032306 -0.00391323 
-0.00553269 -0.00391323 0.0156915 
0.107124 -0.0241495 -0.00386066 
-0.0241494 0.0256394 -0.00416628 
-0.00386066 -0.00416628 0.0190965 
0.057054 -0.0155802 -0.00266258 
-0.0155802 0.0266178 -0.00701594 
-0.00266258 -0.00701594 0.0366789 
0.0426087 -0.0155105 -0.00285288 
-0.0155105 0.0383564 -0.0120777 
-0.00285288 -0.0120777 0.0651796 
0.0467874 -0.0184686 -0.00345324 
-0.0184686 0.0489704 -0.015798 
-0.00345324 -0.015798 0.0855849 
0.0505447 -0.0201293 -0.00377017 
-0.0201293 0.0537499 -0.0173801 
-0.00377017 -0.0173801 0.0941898 
0.0519276 -0.0206949 -0.00387664 
-0.0206949 0.0552914 -0.0178819 
-0.00387664 -0.0178819 0.0969119 
0.0522883 -0.0208397 -0.00390378 
-0.0208397 0.0556804 -0.0180079 
-0.00390378 -0.0180079 0.0975949 
0.0522866 -0.020839 -0.0039036 
-0.020839 0.055679 -0.0180072 
-0.0039036 -0.0180072 0.0975922 
0.0520472 -0.0207435 -0.00388528 
-0.0207435 0.0554249 -0.0179237 
-0.00388528 -0.0179237 0.0971448 
0.0513952 -0.0204824 -0.00383362 
-0.0204824 0.054736 -0.0176918 
-0.00383362 -0.0176918 0.0959234 
0.0498229 -0.0198481 -0.00369774 
-0.0198481 0.053095 -0.0171049 
-0.00369774 -0.0171049 0.0929605 
0.0463775 -0.0184307 -0.0033342 
-0.0184307 0.0496174 -0.0156571 
-0.0033342 -0.0156571 0.0863675 
0.0401852 -0.0157425 -0.00234114 
-0.0157425 0.0439792 -0.0122206 
-0.00234114 -0.0122206 0.0740007 
0.0332834 -0.0121418 0.000221579 
-0.0121418 0.0403163 -0.00481368 
0.000221579 -0.00481368 0.0579973 
0.0333742 -0.0100097 0.00543819 
-0.0100097 0.0498187 0.00798743 
0.00543819 0.00798743 0.0502038 
0.0447588 -0.0112729 0.0124759 
-0.0112729 0.0761452 0.0234444 
0.0124759 0.0234444 0.0594288 
0.0596164 -0.0142001 0.01858 
-0.0142001 0.104956 0.0360486 
0.01858 0.0360486 0.0761638 
0.0703009 -0.0165534 0.0223716 
-0.0165534 0.124597 0.0436434 
0.0223716 0.0436434 0.0891104 
0.0760817 -0.0178757 0.024305 
-0.0178757 0.135012 0.0474626 
0.024305 0.0474626 0.0962949 
0.0787447 -0.0184937 0.025174 
-0.0184937 0.13977 0.049169 
0.025174 0.049169 0.0996372 
0.0796497 -0.0187045 0.0254668 
-0.0187045 0.141382 0.0497424 
0.0254668 0.0497424 0.100777 
0.0792564 -0.01861 0.0253403 
-0.01861 0.140675 0.049495 
0.0253403 0.049495 0.100278 
0.0771223 -0.0180976 0.024649 
-0.0180976 0.136824 0.0481397 
0.024649 0.0481397 0.0975772 
0.0717568 -0.0167702 0.0228791 
-0.0167703 0.126924 0.0446527 
0.0228791 0.0446527 0.0907855 
0.0611448 -0.0139246 0.0192006 
-0.0139246 0.106112 0.0373101 
0.0192006 0.0373101 0.0773423 
0.0468349 -0.00913345 0.0134705 
-0.00913346 0.0727193 0.0254805 
0.0134705 0.0254805 0.0591708 
0.0394402 -0.0036689 0.00809759 
-0.00366891 0.0387701 0.0133254 
0.00809759 0.0133254 0.0496422 
0.0466065 0.000146867 0.00595172 
0.000146867 0.0207779 0.00668483 
0.00595172 0.00668483 0.0584547 
0.0592687 0.00189731 0.00618835 
0.00189731 0.0168687 0.00504291 
0.00618835 0.00504291 0.0742567 
0.068297 0.00254965 0.00683781 
0.00254965 0.0174089 0.00507655 
0.00683781 0.00507655 0.0855512 
0.0728697 0.00278498 0.00724348 
0.00278498 0.0182135 0.00528582 
0.00724348 0.00528582 0.0912761 
0.0747497 0.00286777 0.00742157 
0.00286777 0.0186223 0.00540019 
0.00742157 0.00540019 0.0936305 
0.0751117 0.00288338 0.00745643 
0.00288338 0.0187029 0.00542367 
0.00745643 0.00542367 0.094084 
0.0741558 0.00284623 0.00736389 
0.00284623 0.018467 0.00536091 
0.00736389 0.00536091 0.0928871 
0.0710793 0.00272331 0.00707521 
0.00272331 0.0177254 0.00518296 
0.00707521 0.00518296 0.089037 
0.064013 0.00242319 0.00647329 
0.00242319 0.0161127 0.00493569 
0.00647329 0.00493569 0.0802069 
0.0516532 0.00180539 0.00574091 
0.00180539 0.013764 0.00534969 
0.00574091 0.00534969 0.0648294 
0.0395609 0.00083904 0.00627359 
0.00083904 0.0133064 0.00905459 
0.00627359 0.00905459 0.0500482 
0.0401017 -0.000166845 0.0098709 
-0.000166845 0.0186615 0.0184543 
0.0098709 0.0184543 0.0514727 
0.0521213 -0.000847199 0.0150053 
-0.000847199 0.0274602 0.0297329 
0.0150053 0.0297329 0.0673593 
0.0634125 -0.00118557 0.0187903 
-0.00118557 0.0341963 0.0375859 
0.0187903 0.0375859 0.0820642 
0.0696497 -0.00132921 0.0207319 
-0.00132921 0.0376973 0.0415293 
0.0207319 0.0415293 0.0901557 
0.0723066 -0.00138419 0.0215376 
-0.00138419 0.0391571 0.0431525 
0.0215376 0.0431525 0.0935979 
0.0730426 -0.00139885 0.0217594 
-0.00139885 0.0395585 0.0435972 
0.0217594 0.0435972 0.0945506 
0.0724894 -0.00138787 0.0215965 
-0.00138787 0.0392564 0.0432647 
0.0215965 0.0432647 0.0938321 
0.070333 -0.00134391 0.0209629 
-0.00134391 0.0380723 0.0419603 
0.0209629 0.0419603 0.0910273 
0.0653434 -0.001234 0.0195235 
-0.001234 0.0352828 0.0388883 
0.0195235 0.0388883 0.0844962 
0.0560021 -0.000984893 0.0169704 
-0.000984893 0.0297971 0.0328543 
0.0169704 0.0328543 0.0720507 
0.0443149 -0.000486114 0.0143887 
-0.000486114 0.0217966 0.0240832 
0.0143887 0.0240832 0.055537 
0.0407738 0.000297992 0.0156786 
0.000297992 0.015526 0.0172927 
0.0156786 0.0172927 0.047345 
0.0522477 0.0011467 0.0225944 
0.0011467 0.015247 0.0171649 
0.0225944 0.0171649 0.0568151 
0.0681501 0.00175927 0.0303341 
0.00175927 0.018286 0.0206685 
0.0303341 0.0206685 0.0727801 
0.0787145 0.00208318 0.035204 
0.00208318 0.0208096 0.0235383 
0.035204 0.0235383 0.0838043 
0.0837948 0.00222581 0.0375028 
0.00222581 0.0221029 0.025004 
0.0375028 0.025004 0.0891719 
0.0858818 0.00228246 0.0384408 
0.00228246 0.022646 0.0256188 
0.0384408 0.0256188 0.0913867 
0.0866013 0.00230173 0.0387634 
0.00230173 0.0228348 0.0258323 
0.0387634 0.0258323 0.0921515 
0.0865788 0.00230102 0.0387531 
0.00230102 0.0228289 0.0258254 
0.0387531 0.0258254 0.0921274 
0.0856891 0.00227601 0.0383515 
0.00227601 0.0225966 0.0255591 
0.0383515 0.0255591 0.0911807 
0.0828812 0.00218963 0.0370662 
0.00218963 0.0218757 0.0247139 
0.0370662 0.0247139 0.0881933 
0.0756656 0.00190823 0.0336192 
0.00190823 0.0201219 0.0225036 
0.0336192 0.0225036 0.0805178 
0.0612466 0.00098036 0.0258446 
0.00098036 0.0172242 0.0178499 
0.0258446 0.0178499 0.0651905 
0.0443196 -0.0016731 0.0129251 
-0.0016731 0.0164194 0.011374 
0.0129251 0.011374 0.0472428 
0.040197 -0.00664933 -0.000719921 
-0.00664932 0.0234123 0.00699308 
-0.000719921 0.00699308 0.0429974 
0.0500642 -0.0119303 -0.00974352 
-0.0119303 0.0352172 0.00634707 
-0.00974352 0.00634707 0.053658 
0.060693 -0.0154132 -0.0141155 
-0.0154132 0.0442712 0.00707948 
-0.0141155 0.00707948 0.0650775 
0.0668511 -0.0171513 -0.0159702 
-0.0171513 0.0490525 0.00768493 
-0.0159702 0.00768493 0.0716855 
0.0696521 -0.0179003 -0.0167128 
-0.0179003 0.051158 0.00798729 
-0.0167128 0.00798729 0.07469 
0.0705904 -0.0181467 -0.0169509 
-0.0181467 0.0518559 0.00809134 
-0.0169509 0.00809134 0.0756963 
0.0701584 -0.0180364 -0.0168485 
-0.0180364 0.0515389 0.00804078 
-0.0168485 0.00804078 0.0752333 
0.0676673 -0.0173941 -0.0162422 
-0.0173941 0.0496985 0.00775192 
-0.0162422 0.00775192 0.0725639 
0.0608795 -0.0156332 -0.0145483 
-0.0156332 0.0446318 0.00694989 
-0.0145483 0.00694989 0.0652984 
0.04734 -0.0120556 -0.010907 
-0.0120556 0.0341945 0.00525102 
-0.010907 0.00525102 0.0508611 
0.0328961 -0.00795851 -0.00589314 
-0.00795851 0.0216376 0.00301238 
-0.00589314 0.00301238 0.0356956 
0.0320371 -0.00697519 -0.00261726 
-0.00697519 0.01714 0.00175511 
-0.00261726 0.00175511 0.0354169 
0.0409157 -0.00853997 -0.00186003 
-0.00853997 0.0200225 0.00168182 
-0.00186003 0.00168182 0.0455423 
0.0476721 -0.00988748 -0.0019148 
-0.00988748 0.0230109 0.00186426 
-0.0019148 0.00186426 0.0531155 
0.0506628 -0.0104999 -0.00200315 
-0.0104999 0.0244145 0.00196922 
-0.00200315 0.00196922 0.0564544 
0.0516597 -0.0107056 -0.00203892 
-0.0107056 0.0248904 0.00200659 
-0.00203892 0.00200659 0.0575661 
0.0517025 -0.0107146 -0.00204064 
-0.0107146 0.0249115 0.00200827 
-0.00204064 0.00200827 0.0576146 
0.0509392 -0.010558 -0.0020135 
-0.010558 0.0245505 0.00197977 
-0.0020135 0.00197977 0.0567691 
0.0487665 -0.0101184 -0.0019477 
-0.0101184 0.0235483 0.00190307 
-0.0019477 0.00190307 0.0543809 
0.04384 -0.00916397 -0.00187859 
-0.00916397 0.0214552 0.00176002 
-0.00187859 0.00176002 0.0490977 
0.0357291 -0.00783715 -0.00222532 
-0.00783715 0.0190403 0.00170197 
-0.00222532 0.00170197 0.0411585 
0.031089 -0.00816591 -0.00447242 
-0.00816591 0.022246 0.00245835 
-0.00447242 0.00245835 0.0399942 
0.0405563 -0.0126665 -0.00962728 
-0.0126665 0.037513 0.00466878 
-0.00962729 0.00466878 0.0584262 
0.0569784 -0.0185716 -0.0149875 
-0.0185716 0.0559761 0.00712269 
-0.0149875 0.00712269 0.0844942 
0.0679932 -0.0222938 -0.0181334 
-0.0222938 0.0673537 0.00859543 
-0.0181334 0.00859543 0.101238 
0.0728749 -0.0239117 -0.019468 
-0.0239117 0.0722626 0.00922513 
-0.019468 0.00922513 0.10856 
0.074595 -0.0244782 -0.0199314 
-0.0244782 0.0739769 0.00944435 
-0.0199314 0.00944436 0.111129 
0.0749263 -0.0245868 -0.02002 
-0.0245868 0.0743059 0.0094863 
-0.02002 0.0094863 0.111623 
0.0744099 -0.0244156 -0.0198805 
-0.0244156 0.0737909 0.00942003 
-0.0198805 0.00942003 0.110851 
0.072786 -0.0238733 -0.0194382 
-0.0238733 0.0721644 0.00920947 
-0.0194382 0.00920947 0.108418 
0.0690187 -0.0225856 -0.0183856 
-0.0225856 0.068341 0.00870551 
-0.0183856 0.00870551 0.102732 
0.0613501 -0.0198039 -0.0160999 
-0.0198039 0.0602858 0.00759559 
-0.0160999 0.00759559 0.0909237 
0.0493109 -0.0146858 -0.0118411 
-0.0146858 0.0463649 0.00545939 
-0.0118411 0.00545939 0.0713003 
0.0396274 -0.00780378 -0.00594754 
-0.00780378 0.0304752 0.0022918 
-0.00594754 0.0022918 0.0515191 
0.0436664 -0.0020947 -0.000748561 
-0.0020947 0.0225432 -0.000883789 
-0.000748561 -0.000883789 0.0473674 
0.0578967 0.000690381 0.00210239 
0.000690382 0.0240049 -0.00298933 
0.00210239 -0.00298933 0.0577909 
0.0699404 0.00162525 0.00324592 
0.00162525 0.0276556 -0.00402589 
0.00324592 -0.00402589 0.0686688 
0.0763322 0.00190487 0.00365956 
0.00190487 0.0299606 -0.00446252 
0.00365956 -0.00446252 0.0747549 
0.0790838 0.00199292 0.00380878 
0.00199292 0.0310077 -0.00463355 
0.00380878 -0.00463355 0.0774217 
0.08015 0.0020225 0.00386254 
0.0020225 0.0314211 -0.00469743 
0.00386254 -0.00469743 0.0784615 
0.0804976 0.00203163 0.00387961 
0.00203163 0.0315568 -0.004718 
0.00387961 -0.004718 0.0788013 
0.0804367 0.00203006 0.00387657 
0.00203006 0.0315329 -0.00471443 
0.00387657 -0.00471443 0.0787417 
0.0797759 0.00201245 0.00384297 
0.00201245 0.0312742 -0.0046754 
0.00384297 -0.0046754 0.0780956 
0.0775325 0.00194571 0.00371589 
0.00194571 0.0303988 -0.00454068 
0.00371589 -0.00454068 0.0759087 
0.0712131 0.00169358 0.00323776 
0.00169358 0.0279589 -0.00414074 
0.00323776 -0.00414074 0.0698067 
0.0574913 0.000698832 0.00136159 
0.000698833 0.0228412 -0.00312962 
0.00136159 -0.00312962 0.0569633 
0.0401187 -0.00259735 -0.00482972 
-0.00259735 0.0171836 -0.00119962 
-0.00482972 -0.00119962 0.0425539 
0.034238 -0.00919353 -0.0171932 
-0.00919353 0.0174792 0.00120227 
-0.0171932 0.00120227 0.0426568 
0.0413829 -0.0161856 -0.0302867 
-0.0161856 0.0231735 0.00307192 
-0.0302867 0.00307192 0.0561694 
0.0495292 -0.0206826 -0.0387043 
-0.0206826 0.028264 0.00409484 
-0.0387043 0.00409484 0.0684176 
0.0541395 -0.0228502 -0.0427609 
-0.0228502 0.0309926 0.00455332 
-0.0427609 0.00455332 0.0750067 
0.055989 -0.0236737 -0.0443003 
-0.0236737 0.0320681 0.00472241 
-0.0443003 0.00472241 0.0776089 
0.0560293 -0.0236934 -0.044329 
-0.0236934 0.0320896 0.00472594 
-0.044329 0.00472594 0.0776714 
0.0542678 -0.0229203 -0.0428411 
-0.0229203 0.0310558 0.00456479 
-0.0428411 0.00456479 0.075226 
0.0497396 -0.0208495 -0.0387499 
-0.0208495 0.0283287 0.00411442 
-0.0387499 0.00411442 0.0689221 
0.0415247 -0.0166076 -0.0297471 
-0.0166076 0.0229662 0.00308464 
-0.0297471 0.00308464 0.0574025 
0.0338367 -0.0103956 -0.0140123 
-0.0103956 0.0160275 0.0011373 
-0.0140123 0.0011373 0.0462376 
0.0387606 -0.00558674 0.00455669 
-0.00558674 0.0129461 -0.00147032 
0.00455669 -0.00147032 0.0518836 
0.0553275 -0.00446136 0.0179573 
-0.00446137 0.0154708 -0.00363993 
0.0179573 -0.00363993 0.0734579 
0.0685414 -0.00487299 0.0243777 
-0.00487299 0.0186058 -0.00479611 
0.0243777 -0.00479611 0.09089 
0.074596 -0.00522446 0.0267885 
-0.00522446 0.0201817 -0.00525442 
0.0267885 -0.00525442 0.0989052 
0.0767381 -0.00536655 0.0275837 
-0.00536655 0.0207544 -0.00540879 
0.0275837 -0.00540879 0.101744 
0.077399 -0.00541207 0.0278235 
-0.00541207 0.0209326 -0.00545568 
0.0278235 -0.00545568 0.10262 
0.0775584 -0.00542316 0.027881 
-0.00542316 0.0209756 -0.00546694 
0.027881 -0.00546694 0.102832 
0.0774792 -0.00541765 0.0278525 
-0.00541765 0.0209542 -0.00546136 
0.0278525 -0.00546136 0.102727 
0.0770153 -0.00538564 0.0276849 
-0.00538564 0.0208292 -0.00542865 
0.0276849 -0.00542865 0.102112 
0.0754171 -0.005279 0.0271004 
-0.005279 0.0204017 -0.00531581 
0.0271004 -0.00531581 0.0999944 
0.0706272 -0.00499611 0.025277 
-0.00499611 0.0191541 -0.00497634 
0.025277 -0.00497634 0.0936611 
0.0591518 -0.00460636 0.0203464 
-0.00460636 0.0164301 -0.00415289 
0.0203464 -0.00415289 0.0785848 
0.0420143 -0.00553478 0.0100354 
-0.00553478 0.0137511 -0.00286983 
0.0100354 -0.00286983 0.0565771 
0.0332121 -0.0106106 -0.00423559 
-0.0106106 0.0166046 -0.00204845 
-0.00423559 -0.00204845 0.0468175 
0.0389328 -0.0182889 -0.0163827 
-0.0182889 0.0248453 -0.00219474 
-0.0163827 -0.00219474 0.0568461 
0.0476207 -0.0240936 -0.0234021 
-0.0240936 0.0319746 -0.00262365 
-0.0234021 -0.00262365 0.0701101 
0.0530424 -0.0271626 -0.0267025 
-0.0271626 0.0359147 -0.00291085 
-0.0267025 -0.00291085 0.0782016 
0.0556876 -0.0285766 -0.0281501 
-0.0285766 0.0377604 -0.00305391 
-0.0281501 -0.00305391 0.0821214 
0.0568987 -0.0292097 -0.0287849 
-0.0292097 0.0385922 -0.00311992 
-0.0287849 -0.00311992 0.0839113 
0.0574556 -0.0294981 -0.0290714 
-0.0294981 0.0389723 -0.00315037 
-0.0290714 -0.00315037 0.0847334 
0.0577195 -0.0296342 -0.0292061 
-0.0296342 0.0391518 -0.00316482 
-0.0292061 -0.00316482 0.0851229 
0.0578497 -0.0297012 -0.0292723 
-0.0297012 0.0392403 -0.00317195 
-0.0292723 -0.00317195 0.085315 
0.0579168 -0.0297356 -0.0293063 
-0.0297356 0.0392858 -0.00317563 
-0.0293063 -0.00317563 0.0854138 
