4  12
0.0271752  0.0619587  0.102188  0.040998  0.175687  0.0721631  0.0960931  0.0557993  0.135338  0.0688693  0.0748302  0.0888996  
6.72969  0.485429  5.02464  0.653587  
35.4768  -0.210119  8.62296  2.86433  
68.4654  -1.06253  9.03803  1.30422  
142.38  -2.46132  7.63304  2.35833  
124.666  0.671975  9.4679  1.56826  
196.39  -3.12757  8.45461  2.84681  
233.038  -3.82328  8.08419  1.68743  
267.577  0.823989  8.83165  1.50561  
310.457  5.99503  7.22616  2.40868  
354.318  2.30378  8.53185  4.23956  
387.354  1.53115  8.93029  1.03708  
421.634  1.27155  9.5285  1.04283  
14.5389  1.80535  11.8061  0.561518  
1.80535  0.842578  1.37534  0.0679547  
11.8061  1.37534  10.4092  0.970024  
0.561518  0.0679547  0.970024  0.933181  
198.584  -5.16656  -5.58774  6.45798  
-5.16656  5.87458  1.26408  0.306777  
-5.58774  1.26408  1.07784  -1.36092  
6.45798  0.306777  -1.36092  3.00077  
1013.6  -64.5689  -17.56  -10.0972  
-64.5689  7.55696  1.96795  1.00799  
-17.56  1.96795  0.687721  0.349282  
-10.0972  1.00799  0.349282  1.16906  
392.017  0.612562  0.842259  -33.5375  
0.612562  5.34648  1.58108  2.3145  
0.842259  1.58108  2.2365  -0.483309  
-33.5375  2.3145  -0.483309  7.67756  
1436.1  -3.77337  -0.443187  1.5239  
-3.77337  0.142675  -0.0356619  0.115496  
-0.443187  -0.0356619  0.034728  -0.0841508  
1.5239  0.115496  -0.0841508  0.352973  
176.902  -18.0455  -4.91297  6.31827  
-18.0455  3.859  1.34195  -1.03483  
-4.91297  1.34195  0.953228  -0.346565  
6.31827  -1.03483  -0.346565  0.896118  
195.613  3.33029  -3.49611  -3.21384  
3.33029  0.860703  0.359772  0.135074  
-3.49611  0.359772  0.385624  0.0867872  
-3.21384  0.135074  0.0867872  0.509156  
55.4083  21.2292  -0.471913  -2.1279  
21.2292  9.1263  -0.21988  -0.819379  
-0.471913  -0.21988  0.243756  -0.0725659  
-2.1279  -0.819379  -0.0725659  0.494893  
343.238  -8.76407  6.30298  20.5476  
-8.76407  0.645002  -0.387332  -0.788734  
6.30298  -0.387332  0.444418  0.521756  
20.5476  -0.788734  0.521756  1.75036  
145.002  -23.3256  9.18159  -2.90383  
-23.3256  5.64974  -2.19869  0.337201  
9.18159  -2.19869  1.43082  -0.833062  
-2.90383  0.337201  -0.833062  1.76266  
168.857  9.31673  1.2864  0.592086  
9.31673  1.61235  -0.318936  -0.450955  
1.2864  -0.318936  0.557165  0.361044  
0.592086  -0.450955  0.361044  1.01404  
171.876  -6.71379  -0.0583448  3.08425  
-6.71379  0.797914  -0.0881079  -0.0828741  
-0.0583448  -0.0881079  0.0758368  -0.0957569  
3.08425  -0.0828741  -0.0957569  0.525801  
