4  11
0.0237725  0.151934  0.169742  0.0473959  0.0474662  0.16979  0.0291124  0.0635932  0.0937513  0.0987542  0.104688  
6.153  0.50754  4.5294  0.716086  
56.1987  -0.0745979  -0.00615937  -0.0768525  
122.033  -0.0152586  -0.00088359  0.0137085  
158.738  -0.463426  -0.240149  0.598718  
163.608  -0.228001  0.184598  0.187573  
227.166  0.111504  0.0600816  -0.0953379  
270.108  2.73527  -0.718517  -0.245018  
293.853  -0.0704091  -0.0764594  0.0863974  
330.437  -0.266934  0.0360925  0.253233  
374.348  -0.0824202  0.155299  -0.446257  
417.847  -0.156149  0.0160854  0.0946516  
11.2488  0.863595  -9.99075  -2.13384  
0.863595  2.81282  -0.227021  0.145017  
-9.99075  -0.227021  9.33564  1.85581  
-2.13384  0.145017  1.85581  2.16564  
884.276  -1.9397  1.18629  -2.20543  
-1.9397  1.36741  -0.0875919  -0.205491  
1.18629  -0.0875919  0.452649  0.252596  
-2.20543  -0.205491  0.252596  1.34284  
1723.27  -0.465311  0.189898  -1.31742  
-0.465311  0.0673225  -0.00563623  -0.00126951  
0.189898  -0.00563623  0.0334427  0.0272794  
-1.31742  -0.00126951  0.0272794  0.0540438  
10277.2  25.4123  31.2339  -0.403948  
25.4123  11.8697  0.0900397  0.45272  
31.2339  0.0900397  10.9163  2.92216  
-0.403948  0.45272  2.92216  10.1941  
447.237  -23.183  -5.81853  12.3228  
-23.183  2.31404  0.499652  -0.663967  
-5.81853  0.499652  0.858075  0.152703  
12.3228  -0.663967  0.152703  1.08879  
698.668  8.67502  6.3035  3.25625  
8.67502  0.877575  0.211237  0.210197  
6.3035  0.211237  0.372832  0.278861  
3.25625  0.210197  0.278861  0.913585  
37.9448  -5.93477  -2.80726  2.58824  
-5.93477  2.97085  0.143664  -0.150766  
-2.80726  0.143664  0.749984  0.248341  
2.58824  -0.150766  0.248341  1.51533  
135.606  -5.20916  4.34075  2.88443  
-5.20916  0.747113  -0.319573  -0.103156  
4.34075  -0.319573  0.56433  0.452527  
2.88443  -0.103156  0.452527  0.70206  
234.154  -4.2443  0.421421  -4.032  
-4.2443  0.552521  -0.0991623  0.183857  
0.421421  -0.0991623  0.211855  0.153062  
-4.032  0.183857  0.153062  0.585017  
272.15  9.92379  -3.07698  0.893625  
9.92379  5.44234  -1.28647  -1.08658  
-3.07698  -1.28647  1.64419  1.24633  
0.893625  -1.08658  1.24633  4.45802  
245.657  0.714227  -0.322044  -0.281829  
0.714227  0.894196  -0.0978244  -0.0556335  
-0.322044  -0.0978244  0.246138  0.25034  
-0.281829  -0.0556335  0.25034  0.654208  
