4  12
0.0221598  0.082563  0.0758643  0.241849  0.0788927  0.0267929  0.03753  0.0869456  0.114771  0.0567523  0.134469  0.0414097  
6.88343  0.990749  4.00822  0.796988  
90.4444  0.0062271  -0.00360694  -0.0110131  
69.8645  -0.0134926  0.125029  -0.0154394  
154.746  -0.0656072  0.0228879  0.00421116  
211.604  0.141903  0.115912  0.0364108  
251.925  2.02075  -2.47153  -1.19358  
270.606  0.744608  -1.07111  -0.0524421  
314.03  -0.829912  0.945885  0.238778  
370.402  -0.608783  -0.1639  0.0724182  
412.877  2.31096  -0.700167  -0.359941  
463.605  -0.859136  0.377508  0.156897  
506.353  0.370737  0.073962  -0.0730922  
14.2924  -4.02253  -12.2571  -2.77598  
-4.02253  2.44072  3.57127  0.542288  
-12.2571  3.57127  11.5847  2.96636  
-2.77598  0.542288  2.96636  2.06056  
1046.95  0.603  -0.603098  0.37167  
0.603  0.0164217  -0.00360515  -0.00190866  
-0.603098  -0.00360515  0.00988542  0.0039187  
0.37167  -0.00190866  0.0039187  0.0188806  
1440.94  7.77118  9.02361  -3.10079  
7.77118  3.94023  0.725891  -0.271751  
9.02361  0.725891  4.2664  0.0405156  
-3.10079  -0.271751  0.0405156  4.00518  
6385.06  1.5848  4.85588  3.42077  
1.5848  0.223432  -0.0496092  -0.0415581  
4.85588  -0.0496092  0.193184  0.17396  
3.42077  -0.0415581  0.17396  0.35391  
1700.2  2.6939  13.4204  11.3662  
2.6939  0.885977  -0.798651  -1.2671  
13.4204  -0.798651  3.10346  3.03487  
11.3662  -1.2671  3.03487  4.44898  
20.1162  1.86233  -11.147  1.42759  
1.86233  1.53299  -2.20333  -0.173056  
-11.147  -2.20333  10.5241  1.8538  
1.42759  -0.173056  1.8538  3.38329  
66.0729  -4.78559  5.67845  -3.97238  
-4.78559  1.04109  -0.488772  0.587614  
5.67845  -0.488772  0.890228  -0.190691  
-3.97238  0.587614  -0.190691  0.799409  
297.236  -10.0597  -1.07127  1.67509  
-10.0597  0.917436  -0.313064  -0.28865  
-1.07127  -0.313064  0.721175  0.477012  
1.67509  -0.28865  0.477012  0.665812  
513.787  12.0029  -1.5663  -3.97214  
12.0029  1.16036  -0.0401141  -0.243986  
-1.5663  -0.0401141  0.500102  0.458561  
-3.97214  -0.243986  0.458561  1.25214  
299.592  -27.7846  3.59078  8.91303  
-27.7846  10.1044  -3.35767  -3.31409  
3.59078  -3.35767  5.67285  3.44402  
8.91303  -3.31409  3.44402  7.01842  
581.601  -1.37124  -8.61325  -0.716445  
-1.37124  0.750832  -0.214099  -0.311054  
-8.61325  -0.214099  0.782895  0.593431  
-0.716445  -0.311054  0.593431  1.22562  
81.3552  0.0297506  -2.12147  0.0689773  
0.0297506  2.70607  4.02585e-06  -0.227231  
-2.12147  4.02585e-06  0.727041  0.168266  
0.0689773  -0.227231  0.168266  0.497767  
