4  12
0.0189033  0.0814349  0.0309935  0.146652  0.192108  0.0506304  0.100357  0.0551878  0.0917275  0.0241042  0.104219  0.103682  
5.52538  1.11809  4.04603  0.744728  
39.637  1.70319  9.17903  1.76727  
97.8718  -1.14724  5.07556  2.92959  
99.4837  1.57083  9.56324  1.10486  
191.255  1.22507  9.59427  0.676118  
258.077  5.48371  7.19605  -0.311995  
298.031  9.87023  1.93928  -1.20298  
337.787  4.02171  8.46588  0.341789  
376.778  -3.90011  8.11714  1.79129  
407.777  2.90543  7.99506  -0.108002  
440.043  8.48618  4.83247  -0.590263  
491.256  -1.04143  8.9358  1.37982  
8.99919  2.08494  8.05743  1.61125  
2.08494  0.787932  2.07158  0.357155  
8.05743  2.07158  7.70674  1.40949  
1.61125  0.357155  1.40949  1.0343  
567.875  -10.3588  1.70591  9.22696  
-10.3588  1.79013  0.0158978  -0.479463  
1.70591  0.0158978  0.327175  -0.00205067  
9.22696  -0.479463  -0.00205067  1.32742  
898.649  -29.4817  -39.0325  -12.7302  
-29.4817  31.7427  6.95758  2.61573  
-39.0325  6.95758  10.3291  -1.05926  
-12.7302  2.61573  -1.05926  1.82997  
1493.39  -1.69276  1.3453  -6.08388  
-1.69276  0.11552  -0.010668  -0.00932788  
1.3453  -0.010668  0.0131112  -0.034953  
-6.08388  -0.00932788  -0.034953  0.225723  
1178.69  -5.44062  3.17722  -1.76097  
-5.44062  0.210625  -0.0390884  -0.129367  
3.17722  -0.0390884  0.166954  0.0976028  
-1.76097  -0.129367  0.0976028  0.394889  
62.1686  21.0176  -31.1264  -8.22281  
21.0176  7.55205  -11.1131  -3.01525  
-31.1264  -11.1131  17.3223  4.22021  
-8.22281  -3.01525  4.22021  1.94751  
265.262  -5.28424  23.8979  0.229944  
-5.28424  0.367876  -0.920273  -0.136518  
23.8979  -0.920273  3.2651  0.29008  
0.229944  -0.136518  0.29008  0.304674  
139.718  -22.3993  9.12305  6.62651  
-22.3993  6.73819  -2.75036  -1.61701  
9.12305  -2.75036  1.32452  0.630391  
6.62651  -1.61701  0.630391  0.86814  
296.001  -16.7631  -8.70407  -0.903566  
-16.7631  2.36677  1.24245  -0.000522014  
-8.70407  1.24245  0.852177  -0.211816  
-0.903566  -0.000522014  -0.211816  0.778412  
203.857  13.2198  -6.0099  0.0625622  
13.2198  13.3873  -4.33806  -2.88244  
-6.0099  -4.33806  1.83133  0.961542  
0.0625622  -2.88244  0.961542  1.68398  
457.725  -25.2661  30.2429  1.49711  
-25.2661  3.34471  -3.90938  -0.98797  
30.2429  -3.90938  5.37349  1.20768  
1.49711  -0.98797  1.20768  1.14225  
357.774  -17.3819  -0.197709  -1.75715  
-17.3819  7.74193  1.6961  -1.18257  
-0.197709  1.6961  0.757541  -0.588134  
-1.75715  -1.18257  -0.588134  1.14833  
