4  10
0.0646051  0.052873  0.144332  0.0886674  0.136274  0.0357709  0.28385  0.0496758  0.0881167  0.0558348  
6.78042  0.373157  4.3952  -0.730345  
19.7138  -0.0954282  -0.318019  0.0380988  
36.2246  0.264969  -0.0679726  0.0382151  
63.1955  0.524028  -0.307071  0.201753  
73.2796  0.683453  -0.246545  -0.12489  
99.108  0.464186  -0.59097  0.180998  
121.744  0.201048  -0.550901  -0.0177856  
147.013  0.190433  -0.297666  -0.180107  
163.309  0.0790179  -0.0798521  0.0139464  
177.424  -0.124702  -0.127356  0.0164821  
14.4507  -0.485781  -11.8134  3.07191  
-0.485781  0.735965  -0.449795  -0.303004  
-11.8134  -0.449795  11.868  -2.17378  
3.07191  -0.303004  -2.17378  1.04988  
18.8793  -0.0456454  0.339833  -0.224042  
-0.0456454  0.575592  -0.239042  -0.0799561  
0.339833  -0.239042  0.139023  0.0418119  
-0.224042  -0.0799561  0.0418119  0.159683  
144.97  -0.575133  -0.494245  0.994115  
-0.575133  0.150161  -0.0190813  -0.0291497  
-0.494245  -0.0190813  0.0382187  -0.0168844  
0.994115  -0.0291497  -0.0168844  0.142668  
215.799  -0.562665  -3.52434  2.60298  
-0.562665  0.452676  -0.11497  0.0406363  
-3.52434  -0.11497  0.120183  -0.053795  
2.60298  0.0406363  -0.053795  0.0844368  
268.487  -1.43255  -1.82883  0.796493  
-1.43255  0.163223  0.0096429  0.00144222  
-1.82883  0.0096429  0.0376866  -0.00354168  
0.796493  0.00144222  -0.00354168  0.110768  
62.4678  -1.4405  0.948564  0.551062  
-1.4405  0.619686  -0.13809  -0.0480001  
0.948564  -0.13809  0.104491  -0.0283332  
0.551062  -0.0480001  -0.0283332  0.189904  
435.991  -3.43854  -0.0359303  1.20555  
-3.43854  0.197218  -0.0155381  -0.0102923  
-0.0359303  -0.0155381  0.0803987  0.00145687  
1.20555  -0.0102923  0.00145687  0.0688267  
117.78  -1.24972  -1.98158  -1.73584  
-1.24972  0.176111  0.0701178  0.0924298  
-1.98158  0.0701178  0.108322  0.0723493  
-1.73584  0.0924298  0.0723493  0.0881646  
55.7276  1.07292  0.73456  -0.43665  
1.07292  0.114264  0.0599162  0.00480779  
0.73456  0.0599162  0.142609  -0.00788003  
-0.43665  0.00480779  -0.00788003  0.0323789  
13.8949  -0.0439736  -0.146076  -0.109337  
-0.0439736  0.0924963  0.0589863  0.0477785  
-0.146076  0.0589863  0.184397  0.0263482  
-0.109337  0.0477785  0.0263482  0.0402464  
