4  10
0.0525124  0.0541086  0.213623  0.122239  0.107546  0.0495602  0.114927  0.0436429  0.198483  0.0433564  
5.38886  0.195485  4.33761  -0.721752  
15.6058  0.822178  9.88093  -1.96512  
39.722  1.81668  9.71732  -1.69674  
69.9215  4.73666  8.79861  -1.64636  
91.5084  7.18108  7.09127  -1.48405  
108.587  8.55975  5.51142  -1.55423  
123.186  9.36893  3.85168  -1.75432  
132.359  9.76235  2.93379  -0.365108  
157.975  10.2603  0.661301  -1.8646  
169.008  10.3015  0.141341  -0.579758  
8.41723  0.425105  8.53628  -1.20958  
0.425105  0.0323185  0.43718  -0.0507698  
8.53628  0.43718  9.10871  -1.35541  
-1.20958  -0.0507698  -1.35541  0.368049  
12.9869  -0.278051  1.38505  -0.167414  
-0.278051  0.469245  -0.0528147  0.217476  
1.38505  -0.0528147  0.31045  0.0509215  
-0.167414  0.217476  0.0509215  0.75212  
147.299  8.17789  -1.88792  -0.0324152  
8.17789  0.760016  -0.140243  -0.0450072  
-1.88792  -0.140243  0.0447486  0.0751297  
-0.0324152  -0.0450072  0.0751297  0.632759  
57.3399  6.37124  -3.11693  0.436553  
6.37124  0.860089  -0.404016  0.116631  
-3.11693  -0.404016  0.208363  0.0192905  
0.436553  0.116631  0.0192905  0.75923  
44.5418  5.1753  -4.85283  0.166005  
5.1753  0.643646  -0.578891  0.048369  
-4.85283  -0.578891  0.548093  -0.0108746  
0.166005  0.048369  -0.0108746  0.477496  
32.6468  2.27462  -3.11907  1.11826  
2.27462  0.175231  -0.223827  0.0513001  
-3.11907  -0.223827  0.33457  -0.139644  
1.11826  0.0513001  -0.139644  0.638686  
149.498  5.90147  -14.3653  -1.23645  
5.90147  0.298773  -0.601898  -0.0465251  
-14.3653  -0.601898  1.4346  0.140261  
-1.23645  -0.0465251  0.140261  0.0831584  
162.769  4.12952  -13.5434  1.42324  
4.12952  0.131596  -0.350336  0.0146136  
-13.5434  -0.350336  1.22769  -0.106081  
1.42324  0.0146136  -0.106081  0.0911311  
231.411  1.73076  -13.2088  -0.0884441  
1.73076  0.0372759  -0.0960432  0.00952809  
-13.2088  -0.0960432  0.982563  -0.00407856  
-0.0884441  0.00952809  -0.00407856  0.0658612  
85.9665  0.287966  2.09105  -2.48807  
0.287966  0.0236604  0.109301  -0.107345  
2.09105  0.109301  0.731553  -0.67921  
-2.48807  -0.107345  -0.67921  0.721576  
