3,3,183
0.010542 0.00582107 0.00991334 
0.0058211 0.434583 -0.123808 
0.00991334 -0.123808 0.187079 
0.0105666 0.00585761 0.00997392 
0.00585764 0.437009 -0.124509 
0.00997392 -0.124509 0.188053 
0.0105589 0.00585979 0.00997818 
0.00585982 0.43708 -0.124531 
0.00997817 -0.124531 0.188063 
0.0105097 0.00582523 0.00992447 
0.00582526 0.434562 -0.123811 
0.00992447 -0.123811 0.186998 
0.0104091 0.0057323 0.00978977 
0.00573232 0.427956 -0.121914 
0.00978976 -0.121914 0.184254 
0.0103033 0.00552274 0.00954344 
0.00552277 0.41354 -0.117745 
0.00954344 -0.117745 0.178436 
0.0106621 0.00505382 0.00928607 
0.00505384 0.383544 -0.108926 
0.00928606 -0.108926 0.167197 
0.0142317 0.00398327 0.0100685 
0.00398329 0.325434 -0.0911188 
0.0100685 -0.0911188 0.149712 
0.0322964 0.00158295 0.0168695 
0.00158297 0.232803 -0.0596297 
0.0168695 -0.0596297 0.140256 
0.0894175 -0.00303387 0.0412555 
-0.00303387 0.137766 -0.0176451 
0.0412555 -0.0176451 0.187903 
0.189146 -0.00919844 0.0857815 
-0.00919843 0.0971725 0.019178 
0.0857815 0.019178 0.320092 
0.281991 -0.014255 0.128013 
-0.014255 0.103903 0.0404988 
0.128013 0.0404988 0.460481 
0.333903 -0.0169412 0.151776 
-0.0169412 0.116962 0.0497144 
0.151776 0.0497144 0.542608 
0.352641 -0.0179119 0.160204 
-0.0179119 0.12273 0.0527375 
0.160204 0.0527375 0.572819 
0.35277 -0.0179722 0.159779 
-0.0179722 0.122467 0.0528569 
0.159779 0.0528569 0.573357 
0.341676 -0.0175245 0.153678 
-0.0175245 0.118101 0.0513675 
0.153678 0.0513675 0.556123 
0.321432 -0.0167181 0.142449 
-0.0167181 0.110102 0.0486617 
0.142449 0.0486617 0.524757 
0.292209 -0.0156504 0.125354 
-0.0156504 0.0981392 0.0448955 
0.125354 0.0448955 0.480135 
0.255303 -0.014555 0.101446 
-0.014555 0.0819389 0.0405074 
0.101446 0.0405074 0.425509 
0.216679 -0.014005 0.0709603 
-0.014005 0.0624092 0.0367828 
0.0709603 0.0367828 0.372414 
0.18919 -0.0149503 0.0370138 
-0.0149503 0.0427373 0.0360768 
0.0370138 0.0360768 0.34375 
0.186918 -0.0181353 0.00573814 
-0.0181353 0.0276957 0.0405388 
0.00573814 0.0405388 0.362591 
0.210911 -0.0230536 -0.0172648 
-0.0230536 0.020064 0.0495115 
-0.0172648 0.0495115 0.426817 
0.245433 -0.0280078 -0.0309107 
-0.0280078 0.0182495 0.0593335 
-0.0309107 0.0593335 0.504739 
0.274022 -0.0316305 -0.0378115 
-0.0316305 0.0188202 0.066769 
-0.0378115 0.066769 0.565993 
0.291388 -0.033719 -0.0409767 
-0.033719 0.0196505 0.0711225 
-0.0409767 0.0711225 0.602435 
0.30002 -0.0347339 -0.0423377 
-0.0347339 0.0201634 0.0732528 
-0.0423377 0.0732528 0.620391 
0.303758 -0.0351693 -0.042889 
-0.0351693 0.0204034 0.0741693 
-0.042889 0.0741693 0.628139 
0.305218 -0.0353386 -0.0430984 
-0.0353386 0.0204998 0.0745262 
-0.0430984 0.0745262 0.631159 
0.30574 -0.0353991 -0.0431726 
-0.0353991 0.0205347 0.0746538 
-0.0431726 0.0746538 0.63224 
0.305913 -0.0354191 -0.043197 
-0.0354191 0.0205463 0.0746959 
-0.043197 0.0746959 0.632597 
0.305965 -0.0354251 -0.0432043 
-0.0354251 0.0205498 0.0747086 
-0.0432043 0.0747086 0.632704 
0.305978 -0.0354267 -0.0432062 
-0.0354267 0.0205507 0.0747118 
-0.0432062 0.0747118 0.632731 
0.305978 -0.0354267 -0.0432062 
-0.0354267 0.0205507 0.0747119 
-0.0432062 0.0747119 0.632732 
0.305973 -0.0354261 -0.0432054 
-0.0354261 0.0205503 0.0747106 
-0.0432054 0.0747106 0.632721 
0.305962 -0.0354248 -0.0432039 
-0.0354248 0.0205496 0.0747079 
-0.0432039 0.0747079 0.632698 
0.305942 -0.0354225 -0.0432012 
-0.0354225 0.0205483 0.0747032 
-0.0432012 0.0747032 0.632658 
0.305909 -0.0354187 -0.0431965 
-0.0354187 0.0205461 0.0746951 
-0.0431965 0.0746951 0.63259 
0.305853 -0.0354122 -0.0431885 
-0.0354122 0.0205423 0.0746814 
-0.0431885 0.0746814 0.632474 
0.305759 -0.0354014 -0.0431753 
-0.0354014 0.020536 0.0746585 
-0.0431753 0.0746585 0.63228 
0.305604 -0.0353834 -0.0431534 
-0.0353834 0.0205256 0.0746207 
-0.0431534 0.0746207 0.631959 
0.305351 -0.0353542 -0.0431176 
-0.0353542 0.0205086 0.0745589 
-0.0431176 0.0745589 0.631437 
0.304943 -0.0353069 -0.0430598 
-0.0353069 0.0204813 0.0744591 
-0.0430598 0.0744591 0.630593 
0.304292 -0.0352317 -0.0429674 
-0.0352317 0.0204376 0.0743001 
-0.0429674 0.0743001 0.629248 
0.303266 -0.0351135 -0.0428215 
-0.0351135 0.0203691 0.0740498 
-0.0428215 0.0740498 0.627133 
0.301674 -0.0349304 -0.042594 
-0.0349304 0.0202631 0.0736614 
-0.042594 0.0736614 0.623855 
0.299241 -0.0346516 -0.0422438 
-0.0346516 0.0201018 0.0730676 
-0.0422438 0.0730676 0.618855 
0.295585 -0.0342352 -0.0417121 
-0.0342352 0.0198612 0.0721759 
-0.0417121 0.0721759 0.611371 
0.290203 -0.033628 -0.0409166 
-0.033628 0.0195111 0.0708641 
-0.0409166 0.0708641 0.600416 
0.282473 -0.032768 -0.0397466 
-0.032768 0.019017 0.0689817 
-0.0397466 0.0689817 0.584817 
0.271701 -0.0315956 -0.0380583 
-0.0315956 0.0183471 0.0663624 
-0.0380583 0.0663624 0.563365 
0.257246 -0.0300743 -0.0356765 
-0.0300743 0.0174854 0.0628553 
-0.0356765 0.0628553 0.535152 
0.238747 -0.0282272 -0.0324051 
-0.0282272 0.0164541 0.0583814 
-0.0324051 0.0583814 0.500144 
0.216432 -0.0261801 -0.0280539 
-0.0261801 0.0153399 0.0530113 
-0.0280539 0.0530113 0.459908 
0.19141 -0.0241935 -0.0224843 
-0.0241935 0.0143118 0.0470349 
-0.0224843 0.0470349 0.418193 
0.165739 -0.0226477 -0.0156693 
-0.0226477 0.0136097 0.0409757 
-0.0156693 0.0409757 0.380818 
0.142077 -0.0219565 -0.00774628 
-0.0219565 0.0134884 0.035498 
-0.00774628 0.035498 0.354448 
0.122934 -0.0224263 0.000964988 
-0.0224263 0.0141276 0.0312171 
0.000964988 0.0312171 0.344446 
0.109873 -0.024132 0.0100063 
-0.024132 0.0155564 0.0284994 
0.0100063 0.0284994 0.352879 
0.103109 -0.0268878 0.0188767 
-0.0268878 0.017638 0.027366 
0.0188767 0.027366 0.377867 
0.101689 -0.0303284 0.0271399 
-0.0303283 0.0201259 0.0275473 
0.0271399 0.0275473 0.414634 
0.104056 -0.0340417 0.0344982 
-0.0340417 0.0227495 0.0286289 
0.0344982 0.0286289 0.457407 
0.108616 -0.0376802 0.0408111 
-0.0376802 0.0252847 0.030198 
0.0408111 0.030198 0.501095 
0.114092 -0.041011 0.0460696 
-0.041011 0.027585 0.0319299 
0.0460696 0.0319299 0.542119 
0.119619 -0.0439143 0.0503513 
-0.0439142 0.0295781 0.033611 
0.0503513 0.033611 0.578475 
0.1247 -0.0463546 0.053776 
-0.0463546 0.0312465 0.035123 
0.053776 0.035123 0.609381 
0.129096 -0.0483467 0.0564722 
-0.0483467 0.0326046 0.0364137 
0.0564722 0.0364137 0.634806 
0.13272 -0.0499267 0.058556 
-0.0499267 0.0336795 0.0374684 
0.058556 0.0374684 0.65508 
0.135552 -0.0511317 0.0601179 
-0.0511317 0.0344983 0.0382883 
0.0601179 0.0382883 0.670599 
0.137582 -0.0519856 0.0612158 
-0.0519856 0.0350783 0.0388745 
0.0612158 0.0388745 0.681617 
0.138763 -0.0524882 0.0618678 
-0.0524882 0.0354203 0.0392163 
0.0618678 0.0392163 0.688101 
0.138977 -0.0526055 0.0620458 
-0.0526055 0.035502 0.0392816 
0.0620458 0.0392816 0.689595 
0.138002 -0.0522597 0.0616663 
-0.0522597 0.0352723 0.039008 
0.0616663 0.039008 0.685096 
0.135484 -0.0513209 0.0605833 
-0.0513209 0.0346462 0.038295 
0.0605833 0.038295 0.672963 
0.130935 -0.0496062 0.0585899 
-0.0496061 0.0335054 0.0370023 
0.0585899 0.0370023 0.650955 
0.123784 -0.0468991 0.0554467 
-0.0468991 0.0317157 0.0349624 
0.0554467 0.0349624 0.616582 
0.113539 -0.0430126 0.0509618 
-0.0430126 0.0291735 0.0320252 
0.0509618 0.0320252 0.568083 
0.100114 -0.0379097 0.0451415 
-0.0379097 0.0258943 0.0281453 
0.0451415 0.0281453 0.506191 
0.0842361 -0.0318601 0.0383778 
-0.0318601 0.0221194 0.0234977 
0.0383778 0.0234977 0.436242 
0.0676703 -0.025526 0.0315338 
-0.025526 0.0183617 0.0185477 
0.0315338 0.0185477 0.36891 
0.0528431 -0.0198233 0.0257394 
-0.0198233 0.0152786 0.0139612 
0.0257394 0.0139612 0.317387 
0.0418293 -0.0155414 0.0218957 
-0.0155414 0.0133772 0.0103378 
0.0218957 0.0103378 0.291241 
0.0353897 -0.0129796 0.0202353 
-0.0129796 0.0127609 0.00794373 
0.0202353 0.00794373 0.291401 
0.0328633 -0.011902 0.0203161 
-0.011902 0.0131372 0.00666072 
0.0203161 0.00666072 0.310733 
0.0328652 -0.0117961 0.0213947 
-0.0117961 0.0140475 0.00615539 
0.0213947 0.00615539 0.339103 
0.0340685 -0.0121653 0.0228106 
-0.0121654 0.0150963 0.00608369 
0.0228106 0.00608369 0.36817 
0.0355775 -0.0126716 0.024151 
-0.0126717 0.0160445 0.00619811 
0.024151 0.00619811 0.393168 
0.0369283 -0.013137 0.0252287 
-0.0131371 0.0167909 0.00635769 
0.0252287 0.0063577 0.412338 
0.0379398 -0.0134897 0.0259946 
-0.0134897 0.0173165 0.00649619 
0.0259946 0.00649619 0.425624 
0.0385708 -0.0137112 0.0264598 
-0.0137113 0.0176364 0.00658792 
0.0264598 0.00658792 0.433604 
0.0388265 -0.0138016 0.026647 
-0.0138017 0.0177701 0.00662437 
0.026647 0.00662438 0.436854 
0.0387085 -0.0137608 0.0265653 
-0.0137608 0.0177276 0.00660095 
0.0265653 0.00660095 0.435635 
0.0381898 -0.0135791 0.0261974 
-0.0135792 0.0175025 0.00650988 
0.0261974 0.00650988 0.429755 
0.0372054 -0.0132342 0.0254942 
-0.0132342 0.0170716 0.00633607 
0.0254942 0.00633608 0.418537 
0.0356539 -0.0126911 0.0243728 
-0.0126912 0.0163991 0.00605401 
0.0243728 0.00605401 0.400895 
0.0334163 -0.0119099 0.0227229 
-0.01191 0.0154514 0.00562483 
0.0227229 0.00562483 0.375617 
0.0304037 -0.0108626 0.0204281 
-0.0108626 0.0142284 0.00499413 
0.0204281 0.00499413 0.342021 
0.0266422 -0.0095632 0.0174101 
-0.00956324 0.0128123 0.004093 
0.0174101 0.004093 0.301066 
0.0223712 -0.00810266 0.0136931 
-0.00810269 0.0114168 0.00284827 
0.0136931 0.00284827 0.256581 
0.0180823 -0.00666013 0.00946108 
-0.00666015 0.0103822 0.00121054 
0.00946108 0.00121054 0.215526 
0.0144006 -0.00545799 0.00505636 
-0.00545801 0.0100613 -0.000799425 
0.00505636 -0.000799423 0.185978 
0.0118175 -0.00466511 0.000890922 
-0.00466512 0.0106268 -0.00305023 
0.000890921 -0.00305022 0.173166 
0.0104638 -0.00431785 -0.0026876 
-0.00431786 0.0119479 -0.00530821 
-0.0026876 -0.00530821 0.176446 
0.0101143 -0.0043265 -0.00548621 
-0.00432651 0.0136613 -0.00730754 
-0.00548621 -0.00730754 0.189999 
0.0103873 -0.0045508 -0.00746919 
-0.00455081 0.0153668 -0.00883595 
-0.00746919 -0.00883594 0.206339 
0.0109477 -0.00487325 -0.00870338 
-0.00487325 0.0167847 -0.00977868 
-0.00870337 -0.00977867 0.219505 
0.0115952 -0.0052292 -0.00929781 
-0.00522921 0.0177969 -0.0101096 
-0.00929781 -0.0101096 0.226182 
0.0122566 -0.00560231 -0.00936483 
-0.00560232 0.0184116 -0.00985719 
-0.00936483 -0.00985719 0.225279 
0.012945 -0.0060085 -0.009004 
-0.0060085 0.0187115 -0.00907343 
-0.009004 -0.00907343 0.217064 
0.0137224 -0.00648194 -0.00830124 
-0.00648195 0.0188171 -0.00781766 
-0.00830124 -0.00781765 0.202507 
0.0146755 -0.00706556 -0.0073352 
-0.00706557 0.0188685 -0.00615375 
-0.0073352 -0.00615375 0.182958 
0.0158974 -0.00780313 -0.00618542 
-0.00780313 0.0190151 -0.00415575 
-0.00618541 -0.00415575 0.160044 
0.0174687 -0.00872999 -0.00493822 
-0.00873 0.0194029 -0.0019158 
-0.00493822 -0.0019158 0.135628 
0.0194322 -0.00986058 -0.00368686 
-0.00986058 0.0201527 0.000451233 
-0.00368686 0.000451235 0.111708 
0.0217654 -0.0111746 -0.00252404 
-0.0111746 0.0213286 0.00281125 
-0.00252404 0.00281125 0.0901819 
0.0243595 -0.0126078 -0.00152797 
-0.0126078 0.0229075 0.00502469 
-0.00152797 0.00502469 0.0725096 
0.0270227 -0.014055 -0.000747669 
-0.014055 0.0247687 0.00696787 
-0.000747668 0.00696787 0.0593995 
0.029515 -0.0153891 -0.000194971 
-0.0153891 0.0267161 0.00855391 
-0.00019497 0.00855391 0.0507036 
0.0316066 -0.0164913 0.000151855 
-0.0164913 0.0285327 0.00974435 
0.000151857 0.00974435 0.045593 
0.0331328 -0.0172791 0.000335014 
-0.0172791 0.0300398 0.0105472 
0.000335016 0.0105472 0.042927 
0.0340229 -0.0177194 0.000401767 
-0.0177194 0.0311374 0.0110042 
0.000401769 0.0110042 0.0416234 
0.0342945 -0.0178249 0.000393325 
-0.0178249 0.0318102 0.011174 
0.000393326 0.011174 0.0408788 
0.0340249 -0.0176381 0.000340325 
-0.0176381 0.0321078 0.0111178 
0.000340326 0.0111178 0.0402131 
0.0333175 -0.0172144 0.000263288 
-0.0172144 0.0321159 0.0108905 
0.00026329 0.0108905 0.0394031 
0.0322763 -0.0166077 0.00017529 
-0.0166077 0.0319325 0.0105363 
0.000175292 0.0105363 0.0383854 
0.0309912 -0.0158644 8.48205e-05 
-0.0158644 0.031653 0.0100882 
8.48221e-05 0.0100882 0.0371758 
0.0295341 -0.0150203 -2.01692e-06 
-0.0150203 0.0313656 0.0095696 
-2.01535e-06 0.0095696 0.0358198 
0.0279602 -0.0141019 -8.00788e-05 
-0.0141019 0.031152 0.00899625 
-8.00773e-05 0.00899625 0.034368 
0.0263126 -0.013129 -0.00014435 
-0.013129 0.0310909 0.00837849 
-0.000144348 0.00837849 0.0328683 
0.0246264 -0.0121165 -0.000189505 
-0.0121165 0.0312626 0.00772315 
-0.000189504 0.00772315 0.0313649 
0.0229333 -0.0110766 -0.000209737 
-0.0110766 0.0317524 0.00703492 
-0.000209736 0.00703492 0.0299004 
0.021264 -0.0100208 -0.000198767 
-0.0100208 0.0326526 0.00631747 
-0.000198765 0.00631747 0.0285182 
0.0196496 -0.00896026 -0.000150013 
-0.00896026 0.0340623 0.00557415 
-0.000150012 0.00557415 0.0272634 
0.0181228 -0.00790652 -5.69098e-05 
-0.00790652 0.036085 0.00480849 
-5.6909e-05 0.00480849 0.0261839 
0.0167165 -0.0068715 8.66545e-05 
-0.0068715 0.0388241 0.00402444 
8.66552e-05 0.00402444 0.0253284 
0.0154633 -0.00586727 0.000285779 
-0.00586727 0.0423751 0.00322656 
0.000285779 0.00322656 0.0247445 
0.0143928 -0.00490551 0.000543941 
-0.00490551 0.0468163 0.00242006 
0.000543941 0.00242006 0.0244753 
0.0135298 -0.00399693 0.000862384 
-0.00399693 0.0521985 0.00161071 
0.000862384 0.00161071 0.0245549 
0.0128914 -0.00315065 0.0012396 
-0.00315065 0.0585339 0.000804793 
0.0012396 0.000804792 0.0250052 
0.0124854 -0.00237363 0.001671 
-0.00237363 0.0657875 8.86104e-06 
0.001671 8.86057e-06 0.025831 
0.0123088 -0.00167031 0.00214878 
-0.00167031 0.0738714 -0.000770538 
0.00214878 -0.000770538 0.0270187 
0.0123471 -0.00104244 0.00266221 
-0.00104244 0.082644 -0.00152728 
0.00266221 -0.00152728 0.028535 
0.0125758 -0.000489154 0.00319802 
-0.000489155 0.091915 -0.00225622 
0.00319802 -0.00225622 0.0303284 
0.0129614 -7.22694e-06 0.00374115 
-7.22775e-06 0.101456 -0.00295394 
0.00374115 -0.00295394 0.0323332 
0.0134647 0.000408544 0.00427559 
0.000408543 0.111014 -0.00361965 
0.00427559 -0.00361965 0.0344743 
0.0140433 0.000764927 0.00478513 
0.000764927 0.12033 -0.00425622 
0.00478513 -0.00425622 0.0366744 
0.0146548 0.00106989 0.00525415 
0.00106989 0.129158 -0.00487138 
0.00525415 -0.00487138 0.03886 
0.0152599 0.00133231 0.00566812 
0.00133231 0.137279 -0.00547888 
0.00566812 -0.00547888 0.0409685 
0.015824 0.00156181 0.00601393 
0.00156181 0.144516 -0.00609953 
0.00601393 -0.00609953 0.0429537 
0.016319 0.00176871 0.00628008 
0.00176871 0.150743 -0.00676197 
0.00628008 -0.00676197 0.0447892 
0.0167243 0.0019639 0.00645672 
0.0019639 0.155893 -0.00750288 
0.00645672 -0.00750288 0.0464711 
0.0170266 0.00215883 0.00653557 
0.00215883 0.159955 -0.00836652 
0.00653557 -0.00836652 0.0480179 
0.0172198 0.00236535 0.00650998 
0.00236535 0.162973 -0.00940338 
0.00650998 -0.00940338 0.0494692 
0.0173044 0.00259538 0.00637491 
0.00259538 0.165042 -0.0106678 
0.00637491 -0.0106678 0.0508816 
0.0172863 0.00286047 0.00612717 
0.00286047 0.166295 -0.0122147 
0.00612717 -0.0122147 0.0523241 
0.0171757 0.00317129 0.00576557 
0.00317129 0.166891 -0.0140956 
0.00576557 -0.0140956 0.0538718 
0.0169863 0.00353685 0.00529125 
0.00353685 0.167007 -0.016354 
0.00529125 -0.016354 0.0555988 
0.0167332 0.00396392 0.00470802 
0.00396392 0.166823 -0.019021 
0.00470802 -0.019021 0.0575716 
0.0164328 0.00445637 0.0040225 
0.00445637 0.166507 -0.0221114 
0.0040225 -0.0221114 0.0598422 
0.0161008 0.00501474 0.00324431 
0.00501474 0.166207 -0.0256207 
0.00324431 -0.0256207 0.0624436 
0.0157522 0.00563594 0.00238595 
0.00563594 0.166046 -0.0295234 
0.00238595 -0.0295234 0.0653861 
0.0154001 0.00631332 0.00146264 
0.00631332 0.166112 -0.0337737 
0.00146264 -0.0337737 0.068656 
0.0150557 0.00703689 0.000491812 
0.00703689 0.166458 -0.0383058 
0.000491812 -0.0383058 0.0722159 
0.0147277 0.00779383 -0.000507348 
0.00779383 0.167103 -0.043038 
-0.000507348 -0.043038 0.0760076 
0.0144227 0.00856905 -0.0015146 
0.00856905 0.168036 -0.0478757 
-0.0015146 -0.0478757 0.0799552 
0.0141452 0.00934603 -0.00250932 
0.00934603 0.16922 -0.0527159 
-0.00250932 -0.0527159 0.08397 
0.013898 0.0101075 -0.00347111 
0.0101075 0.170598 -0.0574519 
-0.00347111 -0.0574519 0.0879551 
0.013682 0.0108361 -0.00438044 
0.0108361 0.1721 -0.0619776 
-0.00438044 -0.0619776 0.0918112 
0.0134975 0.0115154 -0.00521913 
0.0115154 0.173648 -0.0661912 
-0.00521913 -0.0661912 0.09544 
0.0133436 0.0121297 -0.00597074 
0.0121297 0.175163 -0.0699983 
-0.00597074 -0.0699983 0.098749 
0.0132191 0.0126654 -0.00662087 
0.0126654 0.176571 -0.0733148 
-0.00662087 -0.0733148 0.101654 
0.0131227 0.0131106 -0.00715734 
0.0131106 0.177802 -0.0760686 
-0.00715734 -0.0760686 0.104082 
0.0130529 0.0134555 -0.00757033 
0.0134555 0.1788 -0.0782007 
-0.00757033 -0.0782007 0.105974 
0.0130088 0.0136928 -0.00785243 
0.0136928 0.179521 -0.0796665 
-0.00785243 -0.0796665 0.107283 
0.0129894 0.0138176 -0.00799867 
0.0138176 0.179935 -0.0804362 
-0.00799867 -0.0804362 0.10798 
0.0129947 0.0138274 -0.00800651 
0.0138274 0.180027 -0.0804946 
-0.00800651 -0.0804946 0.108049 
0.0130247 0.0137223 -0.00787584 
0.0137223 0.179801 -0.079842 
-0.00787584 -0.079842 0.10749 
0.0130805 0.0135048 -0.00760894 
0.0135048 0.179276 -0.0784935 
-0.00760894 -0.0784935 0.106321 
0.0131632 0.0131798 -0.00721053 
0.0131798 0.178487 -0.0764792 
-0.00721053 -0.0764792 0.104573 
0.0132748 0.0127548 -0.00668765 
0.0127548 0.177484 -0.0738437 
-0.00668765 -0.0738437 0.102294 
0.0134175 0.0122394 -0.00604965 
0.0122394 0.176333 -0.0706456 
-0.00604965 -0.0706456 0.0995459 
0.0135936 0.0116455 -0.00530808 
0.0116455 0.175111 -0.0669566 
-0.00530808 -0.0669566 0.0964027 
0.0138056 0.0109869 -0.00447657 
0.0109869 0.173905 -0.06286 
-0.00447657 -0.06286 0.092951 
