3,3,183
0.676495 -0.796009 -0.187749 
-0.796009 2.07779 0.317177 
-0.187749 0.317177 0.373123 
0.681101 -0.80146 -0.189031 
-0.80146 2.09202 0.319354 
-0.189031 0.319354 0.375653 
0.682895 -0.803584 -0.18953 
-0.803584 2.09756 0.320202 
-0.18953 0.320202 0.376638 
0.682085 -0.80263 -0.189305 
-0.80263 2.09507 0.319822 
-0.189305 0.319822 0.37619 
0.6783 -0.798162 -0.188253 
-0.798162 2.08341 0.318039 
-0.188253 0.318039 0.374107 
0.670423 -0.788856 -0.186063 
-0.788856 2.05911 0.314326 
-0.186063 0.314326 0.36977 
0.656172 -0.771999 -0.182096 
-0.771999 2.01506 0.307597 
-0.182096 0.307597 0.361921 
0.631401 -0.742622 -0.175189 
-0.742622 1.93824 0.295863 
-0.175189 0.295863 0.348258 
0.589326 -0.692443 -0.163408 
-0.692443 1.80674 0.275786 
-0.163408 0.275786 0.324973 
0.521111 -0.610067 -0.144131 
-0.610067 1.58983 0.242712 
-0.144131 0.242712 0.286912 
0.422116 -0.487052 -0.115547 
-0.487052 1.26234 0.192938 
-0.115547 0.192938 0.230567 
0.308132 -0.33521 -0.0808305 
-0.33521 0.84776 0.130407 
-0.0808305 0.130407 0.162309 
0.224678 -0.199861 -0.0511169 
-0.199861 0.455055 0.0722597 
-0.0511169 0.0722597 0.104135 
0.20869 -0.126367 -0.0369504 
-0.126367 0.204112 0.0368044 
-0.0369504 0.0368044 0.076644 
0.24207 -0.110336 -0.0363161 
-0.110336 0.101744 0.024199 
-0.0363161 0.024199 0.0756284 
0.282557 -0.117614 -0.0403033 
-0.117614 0.0762394 0.0225716 
-0.0403033 0.0225716 0.0835421 
0.308548 -0.125981 -0.0435292 
-0.125981 0.0736208 0.0234128 
-0.0435292 0.0234128 0.0899668 
0.317997 -0.129272 -0.0447777 
-0.129272 0.0739981 0.0238332 
-0.0447777 0.0238332 0.0926837 
0.31437 -0.127416 -0.0442832 
-0.127416 0.0728347 0.0233315 
-0.0442832 0.0233315 0.0922873 
0.300591 -0.121234 -0.0424041 
-0.121234 0.0696203 0.0219349 
-0.0424041 0.0219349 0.0896189 
0.278388 -0.111293 -0.0393807 
-0.111293 0.0645267 0.0196946 
-0.0393807 0.0196946 0.0853338 
0.24914 -0.0980302 -0.0354172 
-0.0980302 0.0578382 0.0166378 
-0.0354172 0.0166378 0.0800946 
0.214903 -0.0821354 -0.0308179 
-0.0821354 0.0500316 0.0128267 
-0.0308179 0.0128267 0.0748392 
0.17919 -0.0648935 -0.0260926 
-0.0648935 0.0419271 0.00843477 
-0.0260926 0.00843477 0.0709274 
0.146988 -0.0482668 -0.021948 
-0.0482668 0.0346811 0.00379541 
-0.021948 0.00379541 0.0699561 
0.123367 -0.034447 -0.0190817 
-0.034447 0.0294591 -0.000629445 
-0.0190817 -0.000629445 0.0730877 
0.111021 -0.0249228 -0.0178265 
-0.0249228 0.0268598 -0.00438981 
-0.0178265 -0.00438981 0.0801639 
0.108655 -0.0197428 -0.0179344 
-0.0197428 0.0265492 -0.00722092 
-0.0179344 -0.00722092 0.0894392 
0.11205 -0.0177108 -0.0187536 
-0.0177108 0.0275206 -0.00911278 
-0.0187536 -0.00911278 0.0984557 
0.116851 -0.0173065 -0.0196432 
-0.0173065 0.0287514 -0.0102347 
-0.0196432 -0.0102347 0.105354 
0.12047 -0.0174331 -0.0202431 
-0.0174331 0.0296448 -0.0108085 
-0.0202431 -0.0108085 0.109485 
0.122143 -0.0175673 -0.0204681 
-0.0175673 0.0300364 -0.0110255 
-0.0204681 -0.0110255 0.111131 
0.122097 -0.0175582 -0.0203742 
-0.0175582 0.0299917 -0.0110215 
-0.0203742 -0.0110215 0.110929 
0.120825 -0.0174103 -0.0200483 
-0.0174103 0.0296345 -0.0108826 
-0.0200483 -0.0108826 0.109479 
0.118748 -0.0171648 -0.019559 
-0.0171648 0.0290682 -0.0106589 
-0.019559 -0.0106589 0.107203 
0.116145 -0.0168582 -0.0189474 
-0.0168582 0.0283589 -0.0103776 
-0.0189474 -0.0103776 0.104351 
0.11318 -0.0165153 -0.0182334 
-0.0165153 0.0275442 -0.0100521 
-0.0182334 -0.0100521 0.101055 
0.10995 -0.0161528 -0.0174239 
-0.0161528 0.026644 -0.00968892 
-0.0174239 -0.00968892 0.0973785 
0.10652 -0.0157838 -0.0165189 
-0.0157838 0.0256702 -0.00929103 
-0.0165189 -0.00929103 0.0933518 
0.102951 -0.0154211 -0.0155159 
-0.0154211 0.0246328 -0.00886041 
-0.0155159 -0.00886041 0.088997 
0.0993123 -0.0150789 -0.0144123 
-0.0150789 0.0235431 -0.00839935 
-0.0144123 -0.00839935 0.0843393 
0.0956883 -0.014774 -0.0132066 
-0.014774 0.0224157 -0.00791111 
-0.0132066 -0.00791111 0.0794153 
0.0921816 -0.0145252 -0.0119002 
-0.0145252 0.0212696 -0.00740038 
-0.0119002 -0.00740038 0.0742776 
0.0889129 -0.0143535 -0.0104977 
-0.0143535 0.0201283 -0.00687348 
-0.0104977 -0.00687348 0.068997 
0.0860168 -0.0142806 -0.00900788 
-0.0142806 0.0190194 -0.00633832 
-0.00900788 -0.00633832 0.0636625 
0.083634 -0.0143272 -0.00744404 
-0.0143272 0.0179734 -0.00580421 
-0.00744404 -0.00580421 0.0583795 
0.0819016 -0.0145109 -0.00582426 
-0.0145109 0.017022 -0.00528139 
-0.00582426 -0.00528139 0.0532654 
0.0809387 -0.0148437 -0.00417107 
-0.0148437 0.0161955 -0.00478038 
-0.00417107 -0.00478038 0.0484425 
0.0808326 -0.0153292 -0.00251076 
-0.0153292 0.0155199 -0.00431119 
-0.00251076 -0.00431119 0.0440291 
0.0816252 -0.015961 -0.000872141 
-0.015961 0.015014 -0.0038824 
-0.000872141 -0.0038824 0.0401298 
0.0833033 -0.0167213 0.000715088 
-0.0167213 0.0146871 -0.00350039 
0.000715088 -0.00350039 0.0368262 
0.0857947 -0.0175814 0.0022222 
-0.0175814 0.0145377 -0.00316872 
0.0022222 -0.00316872 0.0341691 
0.0889715 -0.0185033 0.00362329 
-0.0185033 0.0145527 -0.00288788 
0.00362329 -0.00288788 0.0321748 
0.0926608 -0.0194425 0.00489691 
-0.0194425 0.0147097 -0.00265543 
0.00489691 -0.00265543 0.0308247 
0.096661 -0.0203526 0.00602724 
-0.0203526 0.0149787 -0.00246641 
0.00602724 -0.00246641 0.0300697 
0.100761 -0.0211885 0.00700461 
-0.0211885 0.0153255 -0.00231409 
0.00700461 -0.00231409 0.0298375 
0.104759 -0.0219106 0.00782551 
-0.0219106 0.0157154 -0.00219084 
0.00782551 -0.00219084 0.0300408 
0.108478 -0.0224877 0.00849203 
-0.0224877 0.0161159 -0.00208888 
0.00849203 -0.00208888 0.0305876 
0.111777 -0.0228981 0.00901086 
-0.0228981 0.0164991 -0.002001 
0.00901086 -0.002001 0.0313879 
0.114558 -0.0231301 0.00939223 
-0.0231301 0.0168433 -0.00192101 
0.00939223 -0.00192101 0.0323608 
0.116759 -0.0231811 0.00964866 
-0.0231811 0.017133 -0.00184394 
0.00964866 -0.00184394 0.0334372 
0.118359 -0.0230563 0.00979396 
-0.0230563 0.0173589 -0.00176614 
0.00979396 -0.00176614 0.0345617 
0.119367 -0.0227671 0.00984224 
-0.0227671 0.0175172 -0.00168518 
0.00984224 -0.00168518 0.0356922 
0.119811 -0.0223285 0.00980728 
-0.0223285 0.0176081 -0.00159964 
0.00980728 -0.00159964 0.0367983 
0.119737 -0.0217584 0.00970201 
-0.0217584 0.0176349 -0.00150894 
0.00970201 -0.00150894 0.0378594 
0.119199 -0.0210752 0.00953822 
-0.0210752 0.017603 -0.0014131 
0.00953822 -0.0014131 0.0388621 
0.118253 -0.0202975 0.00932638 
-0.0202975 0.017519 -0.00131256 
0.00932638 -0.00131256 0.0397983 
0.116954 -0.0194429 0.0090756 
-0.0194429 0.0173899 -0.00120804 
0.0090756 -0.00120804 0.040663 
0.115354 -0.0185278 0.00879364 
-0.0185278 0.0172224 -0.00110039 
0.00879364 -0.00110039 0.0414524 
0.113496 -0.017567 0.00848702 
-0.017567 0.017023 -0.000990564 
0.00848702 -0.000990565 0.0421631 
0.111417 -0.0165735 0.00816106 
-0.0165735 0.0167975 -0.000879512 
0.00816106 -0.000879513 0.0427903 
0.109147 -0.0155591 0.00782002 
-0.0155591 0.016551 -0.000768182 
0.00782003 -0.000768182 0.0433277 
0.106705 -0.014534 0.00746721 
-0.014534 0.0162878 -0.000657502 
0.00746721 -0.000657502 0.0437662 
0.104104 -0.0135072 0.00710505 
-0.0135072 0.0160115 -0.000548389 
0.00710505 -0.000548389 0.0440939 
0.10135 -0.012487 0.00673521 
-0.012487 0.0157255 -0.000441772 
0.00673521 -0.000441773 0.0442955 
0.0984415 -0.0114811 0.00635867 
-0.0114811 0.0154328 -0.000338636 
0.00635867 -0.000338637 0.0443527 
0.0953746 -0.0104971 0.00597585 
-0.0104971 0.0151364 -0.000240082 
0.00597585 -0.000240082 0.0442448 
0.0921451 -0.00954328 0.00558665 
-0.00954328 0.0148403 -0.000147428 
0.00558665 -0.000147428 0.0439496 
0.0887535 -0.00862915 0.00519058 
-0.00862915 0.0145495 -6.23482e-05 
0.00519058 -6.23485e-05 0.0434457 
0.0852132 -0.00776639 0.00478678 
-0.00776639 0.0142716 1.29327e-05 
0.00478678 1.29326e-05 0.0427162 
0.0815584 -0.00696978 0.00437405 
-0.00696978 0.0140172 7.54052e-05 
0.00437405 7.5405e-05 0.0417527 
0.0778555 -0.0062582 0.00395087 
-0.0062582 0.0138014 0.000121015 
0.00395087 0.000121015 0.0405616 
0.0742122 -0.00565518 0.00351535 
-0.00565518 0.0136445 0.000144454 
0.00351535 0.000144454 0.0391694 
0.0707832 -0.00518881 0.00306522 
-0.00518881 0.0135721 0.000139118 
0.00306522 0.000139118 0.0376277 
0.0677679 -0.00489031 0.00259796 
-0.00489031 0.0136143 9.73888e-05 
0.00259796 9.73888e-05 0.0360143 
0.0653969 -0.004791 0.00211117 
-0.004791 0.0138033 1.1373e-05 
0.00211117 1.13729e-05 0.0344301 
0.0639045 -0.0049177 0.00160323 
-0.0049177 0.0141693 -0.000125849 
0.00160323 -0.000125849 0.0329891 
0.0634923 -0.00528693 0.00107425 
-0.00528693 0.014736 -0.000318595 
0.00107426 -0.000318596 0.0318033 
0.0642895 -0.00589944 0.000527127 
-0.00589944 0.0155154 -0.000566914 
0.000527127 -0.000566914 0.0309656 
0.0663212 -0.00673639 -3.16614e-05 
-0.00673639 0.0165049 -0.000865323 
-3.16613e-05 -0.000865323 0.030534 
0.0694936 -0.00775858 -0.000591708 
-0.00775858 0.0176865 -0.00120239 
-0.000591708 -0.00120239 0.0305223 
0.0736012 -0.00890917 -0.00113912 
-0.00890917 0.0190287 -0.00156133 
-0.00113912 -0.00156133 0.0308986 
0.078354 -0.0101194 -0.00165761 
-0.0101194 0.0204917 -0.00192155 
-0.00165761 -0.00192155 0.0315931 
0.0834166 -0.0113159 -0.00213008 
-0.0113159 0.0220332 -0.00226075 
-0.00213008 -0.00226075 0.0325113 
0.0884519 -0.0124284 -0.00254031 
-0.0124284 0.0236147 -0.00255718 
-0.00254031 -0.00255718 0.0335496 
0.0931596 -0.0133963 -0.00287448 
-0.0133963 0.0252065 -0.0027916 
-0.00287448 -0.0027916 0.0346097 
0.0973055 -0.0141731 -0.00312235 
-0.0141731 0.0267917 -0.0029488 
-0.00312235 -0.0029488 0.0356111 
0.10074 -0.0147294 -0.00327805 
-0.0147294 0.0283678 -0.00301851 
-0.00327805 -0.00301851 0.0364981 
0.103406 -0.0150539 -0.0033404 
-0.0150539 0.0299468 -0.0029959 
-0.0033404 -0.0029959 0.037244 
0.105336 -0.0151532 -0.00331299 
-0.0151532 0.0315543 -0.00288159 
-0.00331299 -0.00288159 0.0378516 
0.106648 -0.0150505 -0.0032039 
-0.0150505 0.0332265 -0.00268145 
-0.0032039 -0.00268145 0.0383508 
0.107529 -0.0147827 -0.00302525 
-0.0147827 0.0350063 -0.0024061 
-0.00302525 -0.0024061 0.0387941 
0.108214 -0.0143978 -0.00279244 
-0.0143978 0.0369387 -0.0020701 
-0.00279244 -0.0020701 0.0392499 
0.108961 -0.0139504 -0.0025231 
-0.0139504 0.0390637 -0.00169096 
-0.0025231 -0.00169096 0.0397935 
0.110023 -0.0134964 -0.00223581 
-0.0134964 0.0414107 -0.00128781 
-0.00223581 -0.00128781 0.0404975 
0.111617 -0.0130879 -0.00194864 
-0.0130879 0.0439911 -0.000879914 
-0.00194864 -0.000879914 0.0414211 
0.113891 -0.0127674 -0.00167758 
-0.0127674 0.0467934 -0.000485039 
-0.00167758 -0.000485039 0.0426007 
0.116908 -0.0125639 -0.00143519 
-0.0125639 0.0497808 -0.000118018 
-0.00143519 -0.000118018 0.0440431 
0.120633 -0.0124901 -0.00122975 
-0.0124901 0.0528924 0.000210328 
-0.00122975 0.000210328 0.0457232 
0.124942 -0.0125421 -0.0010649 
-0.0125421 0.0560478 0.000493703 
-0.0010649 0.000493703 0.0475867 
0.12964 -0.0127027 -0.00094003 
-0.0127027 0.0591563 0.000730194 
-0.00094003 0.000730194 0.0495578 
0.134496 -0.0129447 -0.000851211 
-0.0129447 0.0621263 0.000921561 
-0.000851211 0.000921561 0.0515495 
0.139272 -0.0132367 -0.00079239 
-0.0132367 0.0648756 0.00107217 
-0.00079239 0.00107217 0.0534761 
0.143756 -0.0135478 -0.000756661 
-0.0135478 0.0673389 0.00118783 
-0.000756661 0.00118783 0.0552622 
0.147778 -0.0138511 -0.000737283 
-0.0138511 0.0694714 0.00127474 
-0.000737283 0.00127474 0.0568498 
0.151224 -0.0141259 -0.000728356 
-0.0141259 0.0712498 0.00133879 
-0.000728356 0.00133879 0.0582004 
0.154029 -0.014358 -0.000725111 
-0.014358 0.0726691 0.00138509 
-0.000725111 0.00138509 0.0592943 
0.156172 -0.0145391 -0.000723909 
-0.0145391 0.0737385 0.00141785 
-0.000723909 0.00141785 0.060127 
0.157663 -0.0146653 -0.000722035 
-0.0146653 0.0744761 0.0014404 
-0.000722035 0.0014404 0.0607047 
0.15853 -0.0147359 -0.000717399 
-0.0147359 0.0749043 0.00145541 
-0.000717399 0.00145541 0.0610399 
0.158808 -0.0147514 -0.000708207 
-0.0147514 0.075046 0.00146503 
-0.000708207 0.00146503 0.0611475 
0.158536 -0.0147132 -0.000692668 
-0.0147132 0.0749226 0.00147116 
-0.000692668 0.00147116 0.0610425 
0.157746 -0.014622 -0.000668721 
-0.014622 0.074552 0.00147559 
-0.000668721 0.00147559 0.0607382 
0.156469 -0.0144782 -0.000633819 
-0.0144782 0.0739492 0.00148025 
-0.000633819 0.00148025 0.0602462 
0.154729 -0.014281 -0.000584741 
-0.014281 0.0731267 0.0014873 
-0.000584741 0.0014873 0.0595759 
0.152549 -0.0140291 -0.000517455 
-0.0140291 0.0720951 0.00149928 
-0.000517455 0.00149928 0.0587361 
0.149951 -0.0137201 -0.000427035 
-0.0137201 0.0708656 0.00151925 
-0.000427035 0.00151925 0.0577357 
0.146963 -0.0133514 -0.000307641 
-0.0133514 0.0694504 0.00155076 
-0.000307641 0.00155076 0.0565847 
0.143615 -0.0129201 -0.000152595 
-0.0129201 0.0678648 0.00159793 
-0.000152595 0.00159793 0.0552956 
0.13995 -0.0124235 4.5443e-05 
-0.0124235 0.0661275 0.00166532 
4.5443e-05 0.00166532 0.0538839 
0.136015 -0.0118594 0.000294171 
-0.0118594 0.0642616 0.00175779 
0.000294171 0.00175779 0.0523685 
0.131869 -0.0112263 0.000601219 
-0.0112263 0.0622943 0.00188028 
0.000601219 0.00188028 0.0507715 
0.127576 -0.0105241 0.000973606 
-0.0105241 0.060256 0.00203745 
0.000973606 0.00203745 0.0491181 
0.123205 -0.00975381 0.00141712 
-0.00975381 0.0581792 0.00223335 
0.00141712 0.00223335 0.0474347 
0.118827 -0.00891835 0.00193565 
-0.00891835 0.0560964 0.00247094 
0.00193565 0.00247094 0.045748 
0.114505 -0.00802233 0.00253048 
-0.00802233 0.0540385 0.0027517 
0.00253048 0.0027517 0.0440829 
0.110295 -0.00707232 0.00319968 
-0.00707232 0.0520315 0.0030752 
0.00319968 0.0030752 0.0424608 
0.106237 -0.00607681 0.00393749 
-0.00607681 0.0500949 0.00343867 
0.00393749 0.00343867 0.0408972 
0.102353 -0.00504626 0.00473373 
-0.00504626 0.0482395 0.00383667 
0.00473373 0.00383667 0.0394004 
0.0986408 -0.0039931 0.00557334 
-0.0039931 0.0464657 0.00426067 
0.00557334 0.00426067 0.0379696 
0.0950736 -0.00293165 0.00643586 
-0.00293165 0.0447627 0.00469877 
0.00643586 0.00469877 0.0365943 
0.0915974 -0.00187795 0.00729515 
-0.00187795 0.0431095 0.00513536 
0.00729515 0.00513536 0.0352536 
0.0881341 -0.000849291 0.00811923 
-0.000849291 0.0414765 0.00555091 
0.00811923 0.00555091 0.0339168 
0.0845875 0.000136988 0.00887096 
0.000136988 0.0398317 0.00592211 
0.00887096 0.00592211 0.032546 
0.0808549 0.00106564 0.00950966 
0.00106564 0.0381499 0.00622248 
0.00950966 0.00622248 0.0311 
0.0768467 0.0019272 0.00999459 
0.0019272 0.0364262 0.00642392 
0.00999459 0.00642392 0.0295415 
0.0725117 0.00272298 0.0102904 
0.00272298 0.0346941 0.0064994 
0.0102904 0.0064994 0.0278462 
0.0678669 0.00347076 0.0103743 
0.00347076 0.0330428 0.00642688 
0.0103743 0.00642688 0.0260145 
0.0630217 0.00420902 0.0102442 
0.00420902 0.0316287 0.00619397 
0.0102442 0.00619397 0.02408 
0.0581862 0.00499685 0.0099237 
0.00499685 0.0306699 0.00580213 
0.0099237 0.00580213 0.0221143 
0.0536525 0.00590695 0.00946289 
0.00590695 0.0304192 0.00526889 
0.00946289 0.00526889 0.0202204 
0.0497456 0.00701148 0.00893142 
0.00701148 0.0311142 0.00462664 
0.00893142 0.00462664 0.0185166 
0.0467559 0.00836423 0.00840566 
0.00836423 0.0329192 0.00391788 
0.00840566 0.00391788 0.0171123 
0.0448756 0.00998525 0.00795353 
0.00998525 0.0358793 0.00318793 
0.00795353 0.00318793 0.0160848 
0.0441613 0.0118544 0.00762241 
0.0118544 0.0399036 0.00247766 
0.00762241 0.00247766 0.0154651 
0.0445344 0.0139159 0.00743378 
0.0139159 0.0447852 0.00181827 
0.00743378 0.00181827 0.0152363 
0.045814 0.016091 0.00738512 
0.016091 0.0502456 0.00122916 
0.00738512 0.00122916 0.015344 
0.0477646 0.018294 0.00745664 
0.018294 0.0559876 0.000718705 
0.00745664 0.000718705 0.0157125 
0.0501426 0.0204463 0.00761958 
0.0204463 0.061739 0.000286796 
0.00761958 0.000286796 0.0162605 
0.0527292 0.0224841 0.00784322 
0.0224841 0.0672789 -7.21982e-05 
0.00784322 -7.21982e-05 0.0169131 
0.055346 0.0243616 0.00809947 
0.0243616 0.0724457 -0.000366723 
0.00809947 -0.000366723 0.017608 
0.0578569 0.0260485 0.00836472 
0.0260485 0.0771294 -0.00060603 
0.00836472 -0.00060603 0.0182965 
0.0601554 0.0275231 0.0086193 
0.0275231 0.0812505 -0.000798797 
0.0086193 -0.000798797 0.0189398 
0.062138 0.0287595 0.00884434 
0.0287595 0.0847217 -0.000952094 
0.00884434 -0.000952094 0.0195013 
0.0636563 0.0297058 0.00901558 
0.0297058 0.0873819 -0.00107015 
0.00901558 -0.00107015 0.0199314 
0.06444 0.0302483 0.00909401 
0.0302483 0.0888922 -0.0011518 
0.00909401 -0.0011518 0.0201437 
0.0640012 0.0301693 0.00901885 
0.0301693 0.0886137 -0.00118376 
0.00901886 -0.00118376 0.0199874 
0.0616152 0.0291493 0.00872847 
0.0291493 0.0856189 -0.00112195 
0.00872847 -0.00112195 0.0192479 
0.0566493 0.0269511 0.00827108 
0.0269511 0.079252 -0.000847679 
0.00827108 -0.000847679 0.0177693 
0.0495257 0.0239246 0.00804258 
0.0239246 0.0706396 -0.000107086 
0.00804258 -0.000107086 0.0157856 
0.0427023 0.0214706 0.0089134 
0.0214706 0.0640472 0.00146047 
0.0089134 0.00146047 0.014222 
0.0396895 0.0214154 0.0117216 
0.0214154 0.0649342 0.00405329 
0.0117216 0.00405329 0.0142768 
0.0420578 0.0243811 0.0163767 
0.0243811 0.0750241 0.00739456 
0.0163767 0.00739456 0.0163431 
0.0482761 0.0292844 0.0218219 
0.0292844 0.0908729 0.0108547 
0.0218219 0.0108547 0.0196853 
0.0556717 0.0345302 0.0269213 
0.0345302 0.107562 0.0138907 
0.0269213 0.0138907 0.0232373 
0.0623805 0.0390862 0.0310715 
0.0390862 0.121955 0.016272 
0.0310715 0.016272 0.0263134 
0.0676783 0.0426057 0.0341665 
0.0426057 0.133034 0.0180097 
0.0341665 0.0180097 0.0286867 
0.0715181 0.045125 0.0363379 
0.045125 0.140951 0.0192133 
0.0363379 0.0192133 0.0303851 
0.0740943 0.0468017 0.0377677 
0.0468017 0.146217 0.0200001 
0.0377677 0.0200001 0.0315167 
0.0756176 0.0477862 0.0386046 
0.0477862 0.149312 0.0204596 
0.0386046 0.0204596 0.032184 
0.0762296 0.0481743 0.0389401 
0.0481743 0.150545 0.0206457 
0.0389401 0.0206457 0.0324536 
0.0759751 0.0479931 0.0388031 
0.0479931 0.150008 0.0205761 
0.0388031 0.0205761 0.0323471 
0.0747903 0.0471913 0.0381554 
0.0471913 0.147553 0.0202318 
0.0381554 0.0202318 0.0318378 
