4  10
0.045951  0.147872  0.154117  0.0786108  0.0861264  0.0988891  0.0620026  0.153569  0.0864943  0.0863674  
6.24164  0.206338  5.08062  -0.444895  
31.8767  0.109915  9.86702  -0.334487  
68.9667  -0.144327  9.75419  0.729038  
93.5097  0.365944  10.332  0.390459  
120.474  4.91735  7.64725  -1.00877  
148.034  7.75504  6.61572  -0.726288  
173.472  9.0322  4.43336  -0.58176  
183.045  6.26209  7.7728  -0.0770569  
213.634  1.83362  9.41856  0.689301  
227.64  -3.47744  8.88172  0.693949  
11.0747  0.397347  10.5866  -0.989447  
0.397347  0.0497293  0.376842  -0.0891937  
10.5866  0.376842  10.6073  -0.931294  
-0.989447  -0.0891937  -0.931294  0.287623  
165.668  -2.51153  -1.55135  4.95312  
-2.51153  0.193489  0.0300429  -0.284696  
-1.55135  0.0300429  0.0377907  -0.0705385  
4.95312  -0.284696  -0.0705385  0.806473  
260.386  -3.00015  -0.149178  6.49721  
-3.00015  0.0881089  0.00790558  -0.106295  
-0.149178  0.00790558  0.0215514  -0.0206415  
6.49721  -0.106295  -0.0206415  0.243845  
174.199  4.25824  1.98279  1.61062  
4.25824  1.51943  -0.628245  -0.496311  
1.98279  -0.628245  0.533026  0.233301  
1.61062  -0.496311  0.233301  0.90007  
106.94  22.7912  -13.0704  0.905838  
22.7912  5.21858  -2.906  0.156355  
-13.0704  -2.906  2.05296  0.0550184  
0.905838  0.156355  0.0550184  0.128701  
296.459  7.88971  -9.75777  0.583873  
7.88971  0.320209  -0.366239  0.0151003  
-9.75777  -0.366239  0.455461  -0.00524962  
0.583873  0.0151003  -0.00524962  0.020548  
467.498  -13.2434  23.5696  5.70973  
-13.2434  0.691536  -1.29581  -0.352453  
23.5696  -1.29581  2.54045  0.688937  
5.70973  -0.352453  0.688937  0.269407  
1010.77  -2.99033  1.14726  7.20811  
-2.99033  0.898462  -0.601655  -0.150419  
1.14726  -0.601655  0.42449  0.0908881  
7.20811  -0.150419  0.0908881  0.225287  
518.282  -2.77142  -0.315644  4.82573  
-2.77142  2.69505  -0.369206  -0.146175  
-0.315644  -0.369206  0.0877893  -0.0114515  
4.82573  -0.146175  -0.0114515  0.179763  
246.707  -7.62128  -3.64868  -0.355869  
-7.62128  1.43614  0.595657  0.174756  
-3.64868  0.595657  0.279604  0.0506684  
-0.355869  0.174756  0.0506684  0.258783  
