4  12
0.0437245  0.0401054  0.184669  0.0836385  0.042619  0.0780468  0.0722887  0.172785  0.161962  0.0125631  0.0271172  0.0804803  
6.14218  0.170797  4.78188  -0.392368  
18.6399  -0.140562  -0.318692  0.113062  
45.3411  -0.0572593  -0.013589  0.158376  
78.0008  -0.0178313  0.0997297  0.116793  
90.6042  0.651895  -0.0374424  -0.325592  
108.057  1.22461  -0.670299  -0.396878  
130.063  0.717966  -0.413309  0.0813882  
161.752  -0.161634  0.133315  0.042278  
198.759  -0.732288  0.253943  0.0999154  
179.732  -0.11429  -0.28716  -0.0556065  
216.717  -0.70988  0.019592  0.083224  
237.514  -0.51296  -0.0334968  0.0605267  
10.1211  -0.421264  -10.0307  0.974617  
-0.421264  0.0953117  0.433507  -0.0774743  
-10.0307  0.433507  10.3871  -1.0589  
0.974617  -0.0774743  -1.0589  0.364792  
13.3927  -0.18301  0.527565  -0.000304276  
-0.18301  0.0764919  -0.035278  0.0165103  
0.527565  -0.035278  0.0725998  0.0278183  
-0.000304276  0.0165103  0.0278183  0.0890551  
277.221  -1.00367  -0.0802358  -0.140283  
-1.00367  0.0761244  -0.0224796  -0.00544377  
-0.0802358  -0.0224796  0.0501908  0.0360092  
-0.140283  -0.00544377  0.0360092  0.0677983  
143.83  0.26013  0.121385  0.482689  
0.26013  0.048747  -0.0192339  0.00910988  
0.121385  -0.0192339  0.0779554  0.0357451  
0.482689  0.00910988  0.0357451  0.0681483  
209.614  0.257002  -1.2371  1.23292  
0.257002  0.375418  -0.422266  -0.0468163  
-1.2371  -0.422266  0.758653  0.150959  
1.23292  -0.0468163  0.150959  0.13989  
89.0764  4.0171  -3.36297  2.39887  
4.0171  0.878066  -0.364337  0.0385571  
-3.36297  -0.364337  1.01255  0.248647  
2.39887  0.0385571  0.248647  0.579545  
88.9715  -3.61759  0.194216  0.0327334  
-3.61759  0.403  -0.128629  0.0343209  
0.194216  -0.128629  0.298387  0.0752371  
0.0327334  0.0343209  0.0752371  0.0855338  
514.409  -1.59145  2.60189  0.662549  
-1.59145  0.0455435  -0.0350855  0.00670103  
2.60189  -0.0350855  0.109848  0.0358583  
0.662549  0.00670103  0.0358583  0.0436412  
466.055  0.767707  -2.22572  -0.20067  
0.767707  0.290627  -0.0606013  0.0510568  
-2.22572  -0.0606013  0.180606  0.0300745  
-0.20067  0.0510568  0.0300745  0.074302  
568.337  -12.4106  -8.68043  -5.79018  
-12.4106  0.422846  0.33773  0.366719  
-8.68043  0.33773  0.328785  0.282693  
-5.79018  0.366719  0.282693  0.501698  
84.5904  1.34468  -2.15702  -3.69017  
1.34468  0.466649  -0.0268773  -0.0526144  
-2.15702  -0.0268773  0.0778609  0.133009  
-3.69017  -0.0526144  0.133009  0.27715  
57.1714  0.577294  0.181363  -0.0111315  
0.577294  0.294524  -0.0032827  -0.00560996  
0.181363  -0.0032827  0.123621  0.0530545  
-0.0111315  -0.00560996  0.0530545  0.0630023  
