3,3,249
0.066407 0.0134286 -0.0313345 
0.0134286 0.37849 -0.0786278 
-0.0313345 -0.0786279 0.230174 
0.0690029 0.0140639 -0.0326427 
0.0140639 0.394355 -0.0820606 
-0.0326427 -0.0820606 0.239713 
0.0704609 0.0144073 -0.0333674 
0.0144073 0.403136 -0.0839449 
-0.0333674 -0.083945 0.245005 
0.0711287 0.014562 -0.0336974 
0.014562 0.407134 -0.0847998 
-0.0336974 -0.0847999 0.247416 
0.0711523 0.014569 -0.0337102 
0.014569 0.40729 -0.0848349 
-0.0337102 -0.084835 0.247509 
0.0704944 0.0144218 -0.0333889 
0.0144218 0.403403 -0.0840099 
-0.0333889 -0.0840099 0.245159 
0.0688885 0.0140581 -0.0326014 
0.0140581 0.393873 -0.0819822 
-0.0326014 -0.0819822 0.239402 
0.0656958 0.0133217 -0.0310238 
0.0133217 0.374801 -0.0779097 
-0.0310238 -0.0779098 0.227897 
0.0597002 0.0118836 -0.0280075 
0.0118836 0.338482 -0.0700981 
-0.0280075 -0.0700981 0.206047 
0.0493755 0.00916137 -0.0225553 
0.00916137 0.273739 -0.0559411 
-0.0225553 -0.0559411 0.167384 
0.0355861 0.00449664 -0.0141325 
0.00449664 0.1782 -0.0341573 
-0.0141325 -0.0341574 0.111539 
0.0262737 -0.00197656 -0.0046443 
-0.00197656 0.0846888 -0.0103101 
-0.0046443 -0.0103101 0.0605044 
0.0288948 -0.00859931 0.00248102 
-0.00859931 0.0376793 0.00601504 
0.00248102 0.00601504 0.041337 
0.0373974 -0.0135353 0.00650712 
-0.0135353 0.0291444 0.0136908 
0.00650712 0.0136908 0.0451128 
0.044104 -0.016431 0.00859174 
-0.016431 0.0312408 0.0169379 
0.00859174 0.0169379 0.0522048 
0.0477415 -0.0178871 0.00961989 
-0.0178871 0.033449 0.018347 
0.00961989 0.018347 0.0565763 
0.0492183 -0.0184672 0.0100271 
-0.0184672 0.0344473 0.0188857 
0.0100271 0.0188857 0.0584006 
0.0492225 -0.0184633 0.0100008 
-0.0184633 0.0344457 0.0188994 
0.0100008 0.0188994 0.0583795 
0.0480528 -0.017989 0.00959662 
-0.017989 0.0336223 0.0185159 
0.00959662 0.0185159 0.056845 
0.0458433 -0.0170857 0.0087993 
-0.0170857 0.0320667 0.0178046 
0.0087993 0.0178046 0.053917 
0.0427946 -0.0158095 0.00755957 
-0.0158095 0.0299164 0.016878 
0.00755957 0.016878 0.0497538 
0.0394473 -0.0143307 0.00583545 
-0.0143307 0.0275457 0.0160035 
0.00583545 0.0160035 0.0448625 
0.0369754 -0.0130456 0.00365881 
-0.0130456 0.0257705 0.0157131 
0.00365881 0.0157131 0.0404533 
0.0371461 -0.0125796 0.00121452 
-0.0125796 0.0258228 0.0167538 
0.00121452 0.0167538 0.0384682 
0.0413403 -0.013465 -0.001151 
-0.013465 0.0286706 0.0196299 
-0.001151 0.0196299 0.0406032 
0.0489762 -0.0155854 -0.00307889 
-0.0155854 0.0339198 0.0239305 
-0.00307889 0.0239305 0.0465894 
0.0574407 -0.0181096 -0.0044034 
-0.0181096 0.0397607 0.0283781 
-0.0044034 0.0283781 0.0539422 
0.0642128 -0.0201876 -0.00518906 
-0.0201876 0.0444411 0.0318286 
-0.00518906 0.0318286 0.0600666 
0.068471 -0.0215113 -0.00560361 
-0.0215113 0.0473863 0.033967 
-0.00560361 0.033967 0.0639878 
0.0707096 -0.0222114 -0.00580215 
-0.0222114 0.0489351 0.0350836 
-0.00580215 0.0350836 0.0660663 
0.0717335 -0.0225324 -0.00588899 
-0.0225324 0.0496437 0.0355927 
-0.00588899 0.0355927 0.0670204 
0.0721452 -0.0226616 -0.00592322 
-0.0226616 0.0499285 0.0357971 
-0.00592322 0.0357971 0.0674046 
0.0722821 -0.0227046 -0.00593452 
-0.0227046 0.0500233 0.0358651 
-0.00593452 0.0358651 0.0675325 
0.0723035 -0.0227113 -0.00593628 
-0.0227113 0.0500382 0.0358757 
-0.00593628 0.0358757 0.0675525 
0.0722754 -0.0227025 -0.00593397 
-0.0227025 0.0500187 0.0358618 
-0.00593397 0.0358618 0.0675263 
0.072221 -0.0226854 -0.00592949 
-0.0226854 0.0499811 0.0358348 
-0.00592949 0.0358348 0.0674754 
0.0721461 -0.0226619 -0.00592332 
-0.0226619 0.0499294 0.0357976 
-0.00592332 0.0357976 0.0674055 
0.0720495 -0.0226316 -0.00591535 
-0.0226316 0.0498627 0.0357497 
-0.00591535 0.0357497 0.0673153 
0.0719271 -0.0225932 -0.00590525 
-0.0225932 0.0497782 0.0356891 
-0.00590525 0.0356891 0.067201 
0.0717731 -0.0225449 -0.00589252 
-0.0225449 0.049672 0.0356127 
-0.00589252 0.0356127 0.0670573 
0.0715801 -0.0224844 -0.00587654 
-0.0224844 0.0495391 0.0355171 
-0.00587654 0.0355171 0.0668772 
0.0713394 -0.022409 -0.00585655 
-0.022409 0.0493736 0.0353979 
-0.00585655 0.0353979 0.0666526 
0.0710407 -0.0223154 -0.00583167 
-0.0223154 0.0491684 0.03525 
-0.00583167 0.03525 0.0663741 
0.0706716 -0.0221999 -0.00580082 
-0.0221999 0.0489154 0.0350674 
-0.00580082 0.0350674 0.0660301 
0.0702183 -0.0220582 -0.00576274 
-0.0220582 0.0486054 0.0348432 
-0.00576274 0.0348432 0.0656078 
0.0696644 -0.0218852 -0.00571595 
-0.0218852 0.0482278 0.0345696 
-0.00571595 0.0345696 0.0650922 
0.068992 -0.0216755 -0.00565874 
-0.0216755 0.0477713 0.0342378 
-0.00565874 0.0342378 0.0644671 
0.0681815 -0.0214232 -0.00558916 
-0.0214232 0.0472237 0.0338384 
-0.00558916 0.0338384 0.0637144 
0.067212 -0.0211221 -0.00550504 
-0.0211221 0.0465725 0.0333615 
-0.00550504 0.0333615 0.0628154 
0.0660621 -0.020766 -0.00540395 
-0.020766 0.045806 0.0327971 
-0.00540395 0.0327971 0.0617511 
0.0647112 -0.0203491 -0.0052833 
-0.0203491 0.0449138 0.0321357 
-0.0052833 0.0321357 0.0605037 
0.0631409 -0.0198667 -0.00514036 
-0.0198667 0.0438887 0.0313694 
-0.00514036 0.0313694 0.0590576 
0.0613372 -0.0193156 -0.00497237 
-0.0193156 0.0427282 0.0304927 
-0.00497237 0.0304927 0.0574022 
0.0592927 -0.0186954 -0.0047767 
-0.0186954 0.0414365 0.0295038 
-0.0047767 0.0295038 0.0555336 
0.0570095 -0.0180089 -0.00455099 
-0.0180089 0.0400268 0.0284059 
-0.00455099 0.0284059 0.0534572 
0.0545016 -0.0172635 -0.00429337 
-0.0172635 0.038523 0.0272089 
-0.00429337 0.0272089 0.0511903 
0.0517973 -0.0164716 -0.00400275 
-0.0164716 0.0369614 0.0259299 
-0.00400275 0.0259299 0.0487639 
0.0489402 -0.015651 -0.003679 
-0.015651 0.0353907 0.0245937 
-0.003679 0.0245937 0.0462236 
0.0459894 -0.014825 -0.00332325 
-0.014825 0.0338717 0.0232332 
-0.00332325 0.0232332 0.043629 
0.0430173 -0.0140218 -0.00293803 
-0.0140218 0.0324742 0.0218872 
-0.00293803 0.0218872 0.0410514 
0.0401057 -0.0132724 -0.0025274 
-0.0132724 0.0312727 0.0205987 
-0.0025274 0.0205987 0.0385689 
0.0373403 -0.0126093 -0.00209691 
-0.0126093 0.0303409 0.0194114 
-0.00209691 0.0194114 0.0362614 
0.0348037 -0.0120636 -0.00165346 
-0.0120636 0.029745 0.018366 
-0.00165346 0.018366 0.0342026 
0.0325689 -0.0116631 -0.00120499 
-0.0116631 0.029538 0.0174966 
-0.00120499 0.0174966 0.0324538 
0.0306926 -0.0114295 -0.000760129 
-0.0114295 0.0297545 0.0168275 
-0.000760129 0.0168275 0.0310581 
0.0292122 -0.0113776 -0.000327735 
-0.0113776 0.0304086 0.0163716 
-0.000327735 0.0163716 0.0300369 
0.0281433 -0.0115149 8.35769e-05 
-0.0115149 0.0314934 0.0161298 
8.35769e-05 0.0161298 0.029389 
0.0274812 -0.0118419 0.000465816 
-0.0118419 0.032984 0.0160916 
0.000465816 0.0160916 0.0290923 
0.0272043 -0.0123534 0.000811926 
-0.0123534 0.0348417 0.0162378 
0.000811926 0.0162378 0.029108 
0.0272779 -0.0130404 0.00111597 
-0.0130404 0.0370196 0.016543 
0.00111597 0.016543 0.0293856 
0.0276602 -0.0138921 0.00137317 
-0.0138921 0.0394683 0.0169784 
0.00137317 0.0169784 0.0298682 
0.0283064 -0.0148977 0.00157991 
-0.0148977 0.0421406 0.0175149 
0.00157991 0.0175149 0.0304977 
0.0291735 -0.016048 0.00173352 
-0.016048 0.0449958 0.0181251 
0.00173352 0.0181251 0.0312191 
0.0302227 -0.0173364 0.00183214 
-0.0173364 0.0480021 0.0187848 
0.00183214 0.0187848 0.0319828 
0.0314214 -0.0187595 0.00187452 
-0.0187595 0.0511376 0.0194738 
0.00187452 0.0194738 0.0327465 
0.0327442 -0.0203173 0.00185978 
-0.0203173 0.0543904 0.0201763 
0.00185978 0.0201763 0.0334756 
0.0341728 -0.0220128 0.00178724 
-0.0220128 0.0577577 0.020881 
0.00178724 0.020881 0.0341433 
0.035695 -0.0238511 0.00165631 
-0.0238511 0.0612436 0.0215801 
0.00165631 0.0215801 0.0347294 
0.0373044 -0.0258386 0.00146638 
-0.0258386 0.0648577 0.0222687 
0.00146638 0.0222687 0.0352198 
0.0389989 -0.0279811 0.00121679 
-0.0279811 0.068612 0.0229452 
0.00121679 0.0229452 0.035606 
0.0407806 -0.0302824 0.000906786 
-0.0302824 0.0725194 0.0236098 
0.000906786 0.0236098 0.0358852 
0.0426562 -0.0327417 0.000535543 
-0.0327417 0.0765921 0.0242658 
0.000535543 0.0242658 0.0360611 
0.0446389 -0.0353518 0.000102085 
-0.0353518 0.0808418 0.0249207 
0.000102085 0.0249207 0.0361473 
0.0467534 -0.038097 -0.000394914 
-0.038097 0.0852836 0.0255886 
-0.000394914 0.0255886 0.0361729 
0.0490444 -0.0409523 -0.000957574 
-0.0409523 0.089944 0.0262953 
-0.000957574 0.0262953 0.0361907 
0.0515902 -0.0438838 -0.00158965 
-0.0438838 0.0948752 0.0270853 
-0.00158965 0.0270853 0.0362902 
0.0545213 -0.0468529 -0.00229781 
-0.0468529 0.100178 0.0280318 
-0.00229781 0.0280318 0.0366131 
0.0580421 -0.0498227 -0.00309341 
-0.0498227 0.10603 0.0292474 
-0.00309341 0.0292474 0.037371 
0.0624525 -0.0527692 -0.00399432 
-0.0527692 0.112718 0.0308945 
-0.00399432 0.0308945 0.0388595 
0.0681582 -0.055694 -0.00502632 
-0.055694 0.120658 0.03319 
-0.00502632 0.03319 0.0414618 
0.0756609 -0.0586359 -0.00622298 
-0.0586359 0.130397 0.0363986 
-0.00622298 0.0363986 0.0456336 
0.0855159 -0.0616764 -0.00762299 
-0.0616764 0.142576 0.0408105 
-0.00762299 0.0408105 0.0518609 
0.0982541 -0.064933 -0.00926434 
-0.064933 0.157843 0.0466998 
-0.00926434 0.0466998 0.0605903 
0.114277 -0.0685401 -0.0111758 
-0.0685401 0.176729 0.0542719 
-0.0111758 0.0542719 0.072142 
0.133749 -0.0726183 -0.0133679 
-0.0726183 0.199516 0.0636093 
-0.0133679 0.0636093 0.0866258 
0.156522 -0.0772418 -0.0158253 
-0.0772418 0.226126 0.0746341 
-0.0158253 0.0746341 0.103886 
0.182112 -0.0824135 -0.0185048 
-0.0824135 0.256081 0.0870999 
-0.0185048 0.0870999 0.123497 
0.209748 -0.0880557 -0.0213377 
-0.0880557 0.288538 0.100615 
-0.0213377 0.100615 0.144806 
0.238463 -0.094018 -0.0242378 
-0.094018 0.322396 0.114694 
-0.0242378 0.114694 0.167016 
0.267213 -0.100099 -0.0271115 
-0.100099 0.356426 0.128811 
-0.0271115 0.128811 0.189284 
0.294984 -0.106072 -0.0298667 
-0.106072 0.389407 0.142461 
-0.0298667 0.142461 0.210805 
0.320868 -0.111709 -0.0324203 
-0.111709 0.420223 0.155192 
-0.0324203 0.155192 0.230869 
0.344099 -0.116797 -0.0347008 
-0.116797 0.447914 0.166624 
-0.0347008 0.166624 0.248886 
0.364056 -0.121145 -0.0366492 
-0.121145 0.471686 0.17645 
-0.0366492 0.17645 0.264384 
0.380241 -0.124589 -0.0382166 
-0.124589 0.490889 0.184426 
-0.0382166 0.184426 0.276995 
0.392255 -0.126984 -0.0393615 
-0.126984 0.504991 0.190352 
-0.0393615 0.190352 0.286421 
0.39976 -0.128203 -0.0400463 
-0.128203 0.513537 0.194064 
-0.0400463 0.194064 0.292416 
0.402467 -0.128138 -0.0402352 
-0.128138 0.51613 0.195415 
-0.0402352 0.195415 0.294763 
0.400134 -0.126695 -0.0398927 
-0.126695 0.512434 0.19428 
-0.0398927 0.19428 0.293275 
0.392585 -0.123809 -0.0389852 
-0.123809 0.5022 0.190563 
-0.0389852 0.190563 0.287806 
0.37976 -0.119458 -0.0374833 
-0.119458 0.485324 0.184218 
-0.0374833 0.184218 0.278282 
0.361785 -0.113686 -0.0353683 
-0.113686 0.461939 0.175283 
-0.0353683 0.175283 0.264751 
0.339059 -0.106631 -0.032639 
-0.106631 0.432525 0.163921 
-0.032639 0.163921 0.247448 
0.312334 -0.0985451 -0.0293213 
-0.0985451 0.398007 0.15046 
-0.0293213 0.15046 0.226849 
0.282761 -0.0898111 -0.0254754 
-0.0898111 0.359817 0.135417 
-0.0254754 0.135417 0.203717 
0.251863 -0.0809253 -0.0212006 
-0.0809253 0.319866 0.119493 
-0.0212006 0.119493 0.179093 
0.221416 -0.0724542 -0.0166338 
-0.0724542 0.280387 0.103519 
-0.0166338 0.103519 0.154221 
0.193223 -0.0649564 -0.0119393 
-0.0649564 0.243665 0.0883598 
-0.0119393 0.0883598 0.130409 
0.168842 -0.0588909 -0.00729241 
-0.0588909 0.211681 0.07479 
-0.00729241 0.07479 0.10884 
0.149328 -0.0545344 -0.00285951 
-0.0545344 0.185802 0.0633715 
-0.00285951 0.0633715 0.0903981 
0.135083 -0.0519378 0.00122071 
-0.0519378 0.166577 0.054379 
0.00122071 0.054379 0.075547 
0.125855 -0.0509344 0.00484939 
-0.0509344 0.153737 0.04779 
0.00484939 0.04779 0.064312 
0.120882 -0.0511949 0.00797119 
-0.0511949 0.146367 0.0433392 
0.00797119 0.0433392 0.056353 
0.119103 -0.0523076 0.0105702 
-0.0523076 0.143172 0.0406102 
0.0105702 0.0406102 0.0510966 
0.119391 -0.0538557 0.0126608 
-0.0538557 0.14276 0.0391344 
0.0126608 0.0391344 0.0478783 
0.120714 -0.0554743 0.0142776 
-0.0554743 0.143855 0.0384679 
0.0142776 0.0384679 0.0460576 
0.122239 -0.0568799 0.0154653 
-0.0568799 0.145417 0.0382389 
0.0154653 0.0382389 0.0450891 
0.123358 -0.0578763 0.0162719 
-0.0578763 0.146683 0.0381647 
0.0162719 0.0381647 0.0445503 
0.123667 -0.0583444 0.0167439 
-0.0583444 0.147147 0.0380488 
0.0167439 0.0380488 0.0441405 
0.122933 -0.0582265 0.016924 
-0.0582265 0.146513 0.0377671 
0.016924 0.0377671 0.0436626 
0.121051 -0.0575093 0.01685 
-0.0575093 0.144645 0.0372509 
0.01685 0.0372509 0.0429999 
0.118 -0.0562097 0.0165557 
-0.0562097 0.141517 0.0364719 
0.0165557 0.0364719 0.0420949 
0.113823 -0.054366 0.0160712 
-0.054366 0.137183 0.0354305 
0.0160712 0.0354305 0.040932 
0.108608 -0.0520319 0.0154247 
-0.0520319 0.131756 0.0341472 
0.0154247 0.0341472 0.0395254 
0.102476 -0.0492746 0.0146442 
-0.0492746 0.125393 0.0326584 
0.0146442 0.0326584 0.0379115 
0.0955843 -0.0461741 0.0137585 
-0.0461741 0.11829 0.0310131 
0.0137585 0.0310131 0.0361441 
0.0881197 -0.0428242 0.0127988 
-0.0428242 0.110683 0.0292714 
0.0127988 0.0292714 0.0342914 
0.080302 -0.0393322 0.0117991 
-0.0393322 0.102844 0.027503 
0.0117991 0.027503 0.0324333 
0.0723782 -0.0358167 0.0107962 
-0.0358167 0.0950698 0.0257841 
0.0107962 0.0257841 0.0306573 
0.064613 -0.0324032 0.00982803 
-0.0324032 0.0876717 0.0241933 
0.00982803 0.0241933 0.0290529 
0.0572728 -0.0292155 0.00893201 
-0.0292155 0.0809501 0.0228047 
0.00893201 0.0228047 0.0277038 
0.0506033 -0.0263654 0.0081414 
-0.0263654 0.0751675 0.0216806 
0.0081414 0.0216806 0.0266786 
0.0448049 -0.0239405 0.007482 
-0.0239405 0.0705166 0.0208632 
0.007482 0.0208632 0.026021 
0.04001 -0.0219939 0.00696906 
-0.0219939 0.0670961 0.0203683 
0.00696906 0.0203683 0.025743 
0.0362688 -0.0205379 0.00660549 
-0.0205379 0.0648963 0.0201822 
0.00660549 0.0201822 0.0258217 
0.0335476 -0.0195445 0.00638199 
-0.0195445 0.0638032 0.020264 
0.00638199 0.020264 0.0262022 
0.0317404 -0.0189514 0.00627914 
-0.0189514 0.0636195 0.0205517 
0.00627914 0.0205517 0.0268057 
0.0306913 -0.0186744 0.00627108 
-0.0186744 0.0640983 0.0209722 
0.00627108 0.0209722 0.0275419 
0.0302218 -0.018621 0.00632969 
-0.018621 0.0649811 0.021452 
0.00632969 0.021452 0.0283212 
0.0301569 -0.0187032 0.00642848 
-0.0187032 0.0660314 0.0219259 
0.00642848 0.0219259 0.0290661 
0.0303443 -0.0188463 0.00654534 
-0.0188463 0.0670572 0.0223432 
0.00654534 0.0223432 0.0297177 
0.0306648 -0.0189942 0.00666391 
-0.0189942 0.0679222 0.0226698 
0.00666391 0.0226698 0.030238 
0.0310354 -0.0191092 0.00677371 
-0.0191092 0.068544 0.0228876 
0.00677371 0.0228876 0.0306087 
0.0314057 -0.0191703 0.00686946 
-0.0191703 0.0688866 0.0229913 
0.00686946 0.0229913 0.0308276 
0.0317514 -0.0191695 0.00694984 
-0.0191695 0.0689487 0.0229852 
0.00694984 0.0229852 0.0309038 
0.0320675 -0.0191075 0.00701638 
-0.0191075 0.0687517 0.0228796 
0.00701638 0.0228796 0.0308536 
0.0323616 -0.0189906 0.00707227 
-0.0189906 0.0683298 0.0226877 
0.00707227 0.0226877 0.0306963 
0.0326488 -0.018828 0.00712163 
-0.018828 0.0677226 0.0224234 
0.00712163 0.0224234 0.0304523 
0.0329476 -0.0186297 0.00716891 
-0.0186297 0.0669703 0.0221003 
0.00716891 0.0221003 0.0301411 
0.0332785 -0.0184057 0.00721852 
-0.0184057 0.0661103 0.0217307 
0.00721852 0.0217307 0.0297801 
0.0336616 -0.0181656 0.00727473 
-0.0181656 0.0651769 0.0213253 
0.00727473 0.0213253 0.0293851 
0.0341167 -0.0179177 0.00734149 
-0.0179177 0.0641999 0.0208935 
0.00734149 0.0208935 0.0289695 
0.0346625 -0.0176697 0.00742252 
-0.0176697 0.0632058 0.020443 
0.00742252 0.020443 0.0285452 
0.0353171 -0.0174283 0.00752126 
-0.0174283 0.0622176 0.0199807 
0.00752126 0.0199807 0.0281224 
0.0360975 -0.0171998 0.00764094 
-0.0171998 0.0612561 0.0195123 
0.00764094 0.0195123 0.0277101 
0.0370198 -0.0169895 0.0077846 
-0.0169895 0.0603397 0.019043 
0.0077846 0.019043 0.0273165 
0.0380995 -0.0168029 0.00795509 
-0.0168029 0.0594857 0.0185775 
0.00795509 0.0185775 0.0269491 
0.0393512 -0.0166446 0.0081551 
-0.0166446 0.0587097 0.0181199 
0.0081551 0.0181199 0.0266146 
0.0407886 -0.0165192 0.00838716 
-0.0165192 0.0580265 0.0176743 
0.00838716 0.0176743 0.0263196 
0.0424246 -0.0164309 0.00865362 
-0.0164309 0.0574503 0.0172445 
0.00865362 0.0172445 0.0260701 
0.0442706 -0.0163838 0.00895657 
-0.0163838 0.056994 0.016834 
0.00895657 0.016834 0.0258716 
0.0463369 -0.0163815 0.00929792 
-0.0163815 0.0566698 0.0164462 
0.00929792 0.0164462 0.0257296 
0.048632 -0.0164273 0.00967926 
-0.0164273 0.0564888 0.0160843 
0.00967926 0.0160843 0.0256487 
0.051163 -0.0165243 0.0101019 
-0.0165243 0.0564609 0.0157512 
0.0101019 0.0157512 0.0256333 
0.0539345 -0.0166748 0.0105667 
-0.0166748 0.0565947 0.0154497 
0.0105667 0.0154497 0.0256871 
0.0569495 -0.0168809 0.0110744 
-0.0168809 0.0568975 0.0151822 
0.0110744 0.0151822 0.0258132 
0.0602081 -0.0171441 0.011625 
-0.0171441 0.0573745 0.0149507 
0.011625 0.0149507 0.0260139 
0.0637083 -0.0174652 0.0122182 
-0.0174652 0.0580293 0.0147568 
0.0122182 0.0147568 0.0262908 
0.0674452 -0.0178446 0.0128532 
-0.0178446 0.0588637 0.0146019 
0.0128532 0.0146019 0.0266447 
0.0714114 -0.0182816 0.0135289 
-0.0182816 0.0598773 0.0144868 
0.0135289 0.0144868 0.0270754 
0.0755966 -0.0187753 0.0142434 
-0.0187753 0.0610673 0.0144117 
0.0142434 0.0144117 0.0275818 
0.0799876 -0.0193238 0.0149945 
-0.0193238 0.0624292 0.0143764 
0.0149945 0.0143764 0.0281618 
0.0845682 -0.0199245 0.0157794 
-0.0199245 0.0639555 0.0143804 
0.0157794 0.0143804 0.0288124 
0.0893194 -0.0205741 0.0165948 
-0.0205741 0.065637 0.0144223 
0.0165948 0.0144223 0.0295295 
0.0942185 -0.0212683 0.0174367 
-0.0212683 0.0674614 0.0145004 
0.0174367 0.0145004 0.030308 
0.0992398 -0.0220022 0.0183006 
-0.0220022 0.0694142 0.0146123 
0.0183006 0.0146123 0.0311414 
0.104353 -0.0227699 0.0191811 
-0.0227699 0.0714776 0.014755 
0.0191811 0.014755 0.0320222 
0.109525 -0.0235645 0.0200723 
-0.0235645 0.0736313 0.0149249 
0.0200723 0.0149249 0.0329415 
0.114717 -0.0243779 0.0209672 
-0.0243779 0.0758512 0.0151179 
0.0209672 0.0151179 0.033889 
0.119884 -0.025201 0.0218579 
-0.025201 0.0781098 0.0153289 
0.0218579 0.0153289 0.0348529 
0.124976 -0.0260233 0.0227352 
-0.0260233 0.0803755 0.0155522 
0.0227352 0.0155522 0.0358198 
0.129939 -0.0268329 0.0235891 
-0.0268329 0.0826125 0.0157816 
0.0235891 0.0157816 0.0367745 
0.13471 -0.0276161 0.0244078 
-0.0276161 0.0847806 0.01601 
0.0244078 0.01601 0.0377003 
0.139222 -0.0283583 0.0251786 
-0.0283583 0.0868352 0.0162296 
0.0251786 0.0162296 0.038579 
0.143404 -0.0290429 0.0258876 
-0.0290429 0.0887284 0.0164324 
0.0258876 0.0164324 0.0393916 
0.147184 -0.0296529 0.02652 
-0.0296529 0.0904091 0.0166102 
0.02652 0.0166102 0.0401187 
0.150492 -0.0301702 0.0270606 
-0.0301702 0.0918252 0.016755 
0.0270606 0.016755 0.0407418 
0.153268 -0.0305771 0.0274946 
-0.0305771 0.0929262 0.0168594 
0.0274946 0.0168594 0.0412444 
0.155464 -0.0308571 0.0278086 
-0.0308571 0.0936653 0.0169177 
0.0278086 0.0169177 0.0416136 
0.157051 -0.0309959 0.0279912 
-0.0309959 0.0940038 0.0169259 
0.0279912 0.0169259 0.0418418 
0.158027 -0.0309828 0.0280346 
-0.0309828 0.093914 0.0168826 
0.0280346 0.0168826 0.0419283 
0.158421 -0.0308114 0.0279353 
-0.0308114 0.0933831 0.0167895 
0.0279353 0.0167895 0.04188 
0.158293 -0.0304815 0.0276951 
-0.0304815 0.092415 0.0166513 
0.0276951 0.0166513 0.0417121 
0.15773 -0.0299985 0.0273211 
-0.0299985 0.0910322 0.0164758 
0.0273211 0.0164758 0.041447 
0.156845 -0.0293744 0.0268262 
-0.0293744 0.0892747 0.016273 
0.0268262 0.016273 0.0411132 
0.155762 -0.0286267 0.0262277 
-0.0286267 0.0871981 0.0160547 
0.0262277 0.0160547 0.0407424 
0.154606 -0.0277775 0.0255464 
-0.0277775 0.0848693 0.0158325 
0.0255464 0.0158325 0.0403659 
0.15349 -0.0268521 0.0248052 
-0.0268521 0.0823618 0.0156175 
0.0248052 0.0156175 0.0400123 
0.152504 -0.0258768 0.0240274 
-0.0258768 0.0797497 0.0154184 
0.0240274 0.0154184 0.0397032 
0.1517 -0.0248774 0.0232346 
-0.0248774 0.0771022 0.0152409 
0.0232346 0.0152409 0.0394512 
0.15109 -0.0238774 0.0224455 
-0.0238774 0.0744787 0.0150868 
0.0224455 0.0150868 0.039258 
0.150638 -0.0228961 0.0216744 
-0.0228961 0.0719244 0.0149534 
0.0216744 0.0149534 0.039113 
0.150261 -0.0219479 0.0209302 
-0.0219479 0.0694671 0.0148337 
0.0209302 0.0148337 0.0389931 
0.149825 -0.0210408 0.0202154 
-0.0210408 0.0671152 0.0147162 
0.0202154 0.0147162 0.0388624 
0.149151 -0.020176 0.0195258 
-0.020176 0.0648564 0.0145851 
0.0195258 0.0145851 0.0386726 
0.148016 -0.0193467 0.0188494 
-0.0193467 0.0626583 0.0144218 
0.0188494 0.0144218 0.0383646 
0.146171 -0.0185387 0.0181663 
-0.0185387 0.0604713 0.0142062 
0.0181663 0.0142062 0.0378714 
0.143364 -0.0177301 0.017449 
-0.0177301 0.0582367 0.0139208 
0.017449 0.0139208 0.0371242 
0.139388 -0.016893 0.0166632 
-0.016893 0.0559007 0.0135568 
0.0166632 0.0135568 0.0360638 
0.134154 -0.0159973 0.0157709 
-0.0159973 0.0534387 0.0131241 
0.0157709 0.0131241 0.0346586 
0.127791 -0.015016 0.0147357 
-0.015016 0.0508878 0.0126625 
0.0147357 0.0126625 0.0329285 
0.120734 -0.0139334 0.0135303 
-0.0139334 0.0483797 0.012252 
0.0135303 0.012252 0.0309683 
0.113776 -0.0127536 0.0121456 
-0.0127536 0.0461597 0.0120157 
0.0121456 0.0120157 0.0289604 
0.107999 -0.0115056 0.0105984 
-0.0115056 0.0445695 0.0121062 
0.0105984 0.0121062 0.0271627 
0.104581 -0.0102418 0.00893349 
-0.0102418 0.0439824 0.0126737 
0.00893349 0.0126737 0.0258615 
0.104487 -0.00902866 0.00721802 
-0.00902866 0.0447006 0.0138228 
0.00721802 0.0138228 0.0253005 
0.10819 -0.00793018 0.00552898 
-0.00793018 0.0468567 0.0155755 
0.00552898 0.0155755 0.0256126 
0.115542 -0.00699351 0.0039377 
-0.00699351 0.0503647 0.0178592 
0.0039377 0.0178592 0.0267857 
0.125843 -0.00624045 0.00249759 
-0.00624045 0.0549456 0.0205256 
0.00249759 0.0205256 0.0286764 
0.138079 -0.00566806 0.00123874 
-0.00566806 0.060208 0.02339 
0.00123874 0.02339 0.0310624 
0.151183 -0.00525554 0.000169227 
-0.00525554 0.0657443 0.026273 
0.000169227 0.026273 0.0337025 
0.164232 -0.00497324 -0.000719346 
-0.00497324 0.0712043 0.0290291 
-0.000719346 0.0290291 0.0363849 
0.176554 -0.00479016 -0.00144519 
-0.00479016 0.0763322 0.0315592 
-0.00144519 0.0315592 0.0389512 
0.187729 -0.00467857 -0.00203067 
-0.00467857 0.0809699 0.0338083 
-0.00203067 0.0338083 0.0412998 
0.197552 -0.00461608 -0.00249839 
-0.00461608 0.0850411 0.0357564 
-0.00249839 0.0357564 0.0433774 
0.205969 -0.00458583 -0.00286895 
-0.00458583 0.0885286 0.0374078 
-0.00286895 0.0374078 0.0451661 
0.213023 -0.00457573 -0.00315999 
-0.00457573 0.0914518 0.0387802 
-0.00315999 0.0387802 0.0466703 
0.218805 -0.00457754 -0.00338593 
-0.00457754 0.0938499 0.0398983 
-0.00338593 0.0398983 0.0479068 
0.223428 -0.0045858 -0.00355819 
-0.0045858 0.0957689 0.0407875 
-0.00355819 0.0407875 0.0488973 
0.227002 -0.00459708 -0.00368549 
-0.00459708 0.0972545 0.0414719 
-0.00368549 0.0414719 0.0496644 
0.229624 -0.00460938 -0.00377428 
-0.00460938 0.0983472 0.0419719 
-0.00377428 0.0419719 0.0502283 
0.231374 -0.0046217 -0.00382898 
-0.0046217 0.0990801 0.0423036 
-0.00382898 0.0423036 0.0506056 
0.23231 -0.00463383 -0.00385225 
-0.00463383 0.0994776 0.0424787 
-0.00385225 0.0424787 0.0508086 
0.23247 -0.00464619 -0.00384514 
-0.00464619 0.0995555 0.042504 
-0.00384514 0.042504 0.0508451 
0.231866 -0.00465987 -0.00380706 
-0.00465987 0.0993212 0.042382 
-0.00380706 0.042382 0.0507184 
0.230493 -0.00467675 -0.00373574 
-0.00467675 0.0987736 0.0421105 
-0.00373574 0.0421105 0.0504275 
0.228323 -0.00469976 -0.00362695 
-0.00469976 0.0979048 0.0416831 
-0.00362695 0.0416831 0.0499672 
0.225313 -0.00473335 -0.0034741 
-0.00473335 0.0967004 0.0410893 
-0.0034741 0.0410893 0.049329 
0.221403 -0.00478418 -0.00326762 
-0.00478418 0.0951425 0.0403146 
-0.00326762 0.0403146 0.0485017 
