3,3,249
0.0292767 -0.00208803 -0.0438171 
-0.00208803 0.361261 0.0102971 
-0.0438171 0.0102972 0.160262 
0.0298928 -0.00227263 -0.044923 
-0.00227263 0.383997 0.0111434 
-0.0449229 0.0111435 0.165171 
0.0303584 -0.00237391 -0.0457088 
-0.00237391 0.397066 0.0116119 
-0.0457087 0.011612 0.168464 
0.0305858 -0.00241712 -0.0460842 
-0.00241712 0.402775 0.0118127 
-0.0460842 0.0118127 0.170003 
0.0305605 -0.00241262 -0.0460429 
-0.00241262 0.402174 0.0117918 
-0.0460429 0.0117918 0.169835 
0.0302831 -0.00235936 -0.0455841 
-0.00235936 0.395149 0.0115443 
-0.0455841 0.0115444 0.167951 
0.0297742 -0.00224451 -0.0447197 
-0.00224451 0.380417 0.0110137 
-0.0447197 0.0110137 0.164307 
0.0291496 -0.0020392 -0.043575 
-0.0020392 0.355415 0.0100745 
-0.043575 0.0100745 0.159132 
0.0288504 -0.00169014 -0.0426993 
-0.00169014 0.316463 0.00850228 
-0.0426993 0.00850232 0.153914 
0.0301863 -0.00110956 -0.0438161 
-0.00110956 0.260235 0.00594696 
-0.0438161 0.005947 0.153844 
0.0361627 -0.00018149 -0.050992 
-0.00018149 0.188274 0.00198691 
-0.050992 0.00198693 0.171764 
0.0512196 0.00116676 -0.0703638 
0.00116676 0.113479 -0.00355897 
-0.0703638 -0.00355895 0.227726 
0.0768807 0.00280209 -0.104244 
0.00280209 0.0572843 -0.0100454 
-0.104244 -0.0100454 0.330338 
0.106354 0.00433328 -0.14361 
0.00433328 0.0300825 -0.0159418 
-0.14361 -0.0159418 0.451985 
0.129555 0.00540945 -0.174767 
0.00540945 0.0225666 -0.0200053 
-0.174767 -0.0200053 0.549152 
0.142889 0.00599378 -0.192719 
0.00599378 0.0219299 -0.0221876 
-0.192719 -0.0221876 0.605372 
0.148898 0.00625046 -0.200817 
0.00625046 0.0223626 -0.0231411 
-0.200817 -0.0231411 0.630778 
0.151063 0.00634201 -0.203734 
0.00634201 0.0226217 -0.0234805 
-0.203734 -0.0234805 0.639938 
0.151569 0.00636344 -0.204416 
0.00636344 0.0226904 -0.0235597 
-0.204416 -0.0235597 0.642079 
0.15143 0.00635775 -0.204228 
0.00635775 0.0226694 -0.0235385 
-0.204228 -0.0235385 0.641487 
0.151038 0.00634145 -0.203697 
0.00634145 0.0226111 -0.0234778 
-0.203697 -0.0234778 0.639818 
0.150521 0.00631994 -0.202997 
0.00631994 0.0225344 -0.0233979 
-0.202997 -0.0233979 0.63762 
0.149912 0.00629463 -0.202173 
0.00629463 0.0224441 -0.0233038 
-0.202173 -0.0233038 0.635029 
0.149211 0.00626556 -0.201224 
0.00626556 0.0223404 -0.0231956 
-0.201224 -0.0231956 0.632047 
0.148408 0.00623231 -0.200137 
0.00623231 0.0222218 -0.0230718 
-0.200137 -0.0230718 0.62863 
0.147489 0.00619433 -0.198891 
0.00619433 0.0220863 -0.0229303 
-0.198891 -0.0229303 0.624716 
0.146438 0.00615094 -0.197465 
0.00615094 0.0219315 -0.0227685 
-0.197465 -0.0227685 0.620232 
0.145233 0.00610139 -0.19583 
0.00610139 0.0217546 -0.0225835 
-0.19583 -0.0225835 0.615093 
0.143855 0.00604483 -0.193957 
0.00604483 0.0215528 -0.0223721 
-0.193957 -0.0223721 0.609204 
0.142277 0.00598033 -0.191812 
0.00598033 0.0213225 -0.0221307 
-0.191812 -0.0221307 0.602457 
0.140473 0.00590688 -0.189355 
0.00590688 0.0210603 -0.0218553 
-0.189355 -0.0218553 0.594733 
0.138414 0.00582342 -0.186547 
0.00582342 0.0207622 -0.0215417 
-0.186547 -0.0215417 0.585898 
0.136067 0.00572883 -0.18334 
0.00572883 0.0204244 -0.0211855 
-0.18334 -0.0211855 0.575809 
0.133399 0.00562203 -0.179688 
0.00562203 0.0200428 -0.0207821 
-0.179688 -0.0207821 0.564314 
0.130375 0.00550198 -0.17554 
0.00550198 0.0196137 -0.0203272 
-0.17554 -0.0203272 0.551254 
0.126964 0.0053678 -0.170845 
0.0053678 0.0191339 -0.0198167 
-0.170845 -0.0198167 0.53647 
0.123135 0.00521891 -0.165558 
0.00521891 0.0186012 -0.0192474 
-0.165558 -0.0192474 0.519811 
0.118864 0.00505515 -0.159637 
0.00505515 0.018015 -0.0186175 
-0.159637 -0.0186175 0.501145 
0.114137 0.00487696 -0.153052 
0.00487696 0.0173766 -0.017927 
-0.153052 -0.017927 0.480374 
0.108954 0.00468563 -0.145789 
0.00468563 0.0166904 -0.0171787 
-0.145789 -0.0171787 0.457449 
0.103333 0.0044835 -0.137859 
0.0044835 0.0159647 -0.0163789 
-0.137859 -0.0163789 0.432393 
0.0973189 0.00427416 -0.1293 
0.00427416 0.0152118 -0.0155383 
-0.1293 -0.0155383 0.405323 
0.0909816 0.00406261 -0.120188 
0.00406261 0.0144495 -0.0146723 
-0.120188 -0.0146723 0.376467 
0.0844238 0.00385529 -0.110639 
0.00385529 0.0137004 -0.0138015 
-0.110639 -0.0138015 0.346178 
0.0777788 0.00365991 -0.10081 
0.00365991 0.0129917 -0.0129513 
-0.10081 -0.0129514 0.314942 
0.0712069 0.0034851 -0.0908964 
0.0034851 0.0123543 -0.0121509 
-0.0908964 -0.0121509 0.283365 
0.0648864 0.00333975 -0.0811236 
0.00333975 0.0118199 -0.0114312 
-0.0811236 -0.0114312 0.252147 
0.0590004 0.00323214 -0.0717303 
0.00323214 0.0114186 -0.0108222 
-0.0717303 -0.0108222 0.222035 
0.0537203 0.00316899 -0.0629498 
0.00316899 0.0111752 -0.0103498 
-0.0629498 -0.0103498 0.193763 
0.0491878 0.00315437 -0.054988 
0.00315437 0.0111062 -0.0100327 
-0.054988 -0.0100327 0.167982 
0.0454996 0.003189 -0.0480027 
0.003189 0.0112166 -0.00987943 
-0.0480027 -0.00987943 0.145201 
0.042697 0.00326978 -0.0420895 
0.00326978 0.0114996 -0.00988724 
-0.0420895 -0.00988724 0.125735 
0.0407637 0.00338983 -0.0372751 
0.00338983 0.011936 -0.010042 
-0.0372751 -0.010042 0.109689 
0.0396305 0.003539 -0.0335204 
0.003539 0.0124976 -0.01032 
-0.0335204 -0.01032 0.0969616 
0.0391882 0.00370464 -0.0307319 
0.00370464 0.0131496 -0.0106905 
-0.0307319 -0.0106905 0.0872812 
0.0393037 0.0038726 -0.0287786 
0.0038726 0.0138554 -0.0111192 
-0.0287786 -0.0111192 0.0802553 
0.0398366 0.00402797 -0.0275103 
0.00402797 0.0145801 -0.0115718 
-0.0275103 -0.0115718 0.0754273 
0.0406545 0.00415572 -0.0267753 
0.00415572 0.015294 -0.0120163 
-0.0267753 -0.0120163 0.0723298 
0.0416445 0.00424084 -0.0264331 
0.00424084 0.0159745 -0.012425 
-0.0264331 -0.012425 0.0705247 
0.0427196 0.00426817 -0.0263641 
0.00426817 0.0166073 -0.0127752 
-0.0263641 -0.0127752 0.0696315 
0.043822 0.00422184 -0.026473 
0.00422184 0.0171867 -0.0130488 
-0.026473 -0.0130488 0.0693404 
0.0449235 0.00408441 -0.0266904 
0.00408441 0.0177155 -0.0132321 
-0.0266904 -0.0132321 0.0694151 
0.0460235 0.00383595 -0.026971 
0.00383595 0.0182041 -0.0133141 
-0.026971 -0.0133141 0.0696883 
0.0471476 0.00345285 -0.0272911 
0.00345285 0.0186698 -0.0132858 
-0.0272911 -0.0132858 0.0700537 
0.0483446 0.00290672 -0.0276456 
0.00290672 0.019137 -0.0131387 
-0.0276456 -0.0131387 0.0704562 
0.0496857 0.00216324 -0.0280455 
0.00216324 0.0196362 -0.0128638 
-0.0280455 -0.0128638 0.0708825 
0.0512632 0.00118116 -0.0285151 
0.00118117 0.0202045 -0.0124508 
-0.0285151 -0.0124508 0.0713536 
0.0531898 -8.86033e-05 -0.0290909 
-8.86028e-05 0.0208854 -0.0118875 
-0.0290909 -0.0118875 0.0719188 
0.0555987 -0.00170362 -0.0298199 
-0.00170362 0.021729 -0.0111591 
-0.0298199 -0.0111591 0.072651 
0.0586433 -0.00373019 -0.0307589 
-0.00373019 0.0227924 -0.0102485 
-0.0307589 -0.0102485 0.0736432 
0.0624962 -0.00624322 -0.0319733 
-0.00624322 0.024139 -0.00913566 
-0.0319733 -0.00913566 0.0750059 
0.0673475 -0.00932544 -0.0335364 
-0.00932544 0.0258386 -0.00779844 
-0.0335364 -0.00779844 0.0768645 
0.0734022 -0.013066 -0.0355276 
-0.013066 0.0279659 -0.00621283 
-0.0355276 -0.00621283 0.0793566 
0.0808749 -0.0175581 -0.038031 
-0.0175581 0.0305993 -0.00435373 
-0.038031 -0.00435373 0.0826283 
0.0899846 -0.0228961 -0.0411323 
-0.0228961 0.0338186 -0.00219603 
-0.0411323 -0.00219603 0.0868304 
0.100945 -0.0291717 -0.0449164 
-0.0291717 0.0377018 0.000284213 
-0.0449164 0.000284213 0.0921123 
0.113958 -0.0364693 -0.0494628 
-0.0364693 0.0423222 0.00310836 
-0.0494628 0.00310836 0.0986163 
0.129198 -0.0448607 -0.0548423 
-0.0448607 0.0477439 0.00629361 
-0.0548423 0.00629361 0.10647 
0.146805 -0.0544007 -0.0611121 
-0.0544007 0.0540183 0.00985152 
-0.0611121 0.00985152 0.115779 
0.166872 -0.065121 -0.0683111 
-0.065121 0.0611794 0.0137864 
-0.0683111 0.0137864 0.126621 
0.189433 -0.0770263 -0.0764569 
-0.0770263 0.0692406 0.0180942 
-0.0764569 0.0180942 0.139033 
0.214456 -0.0900901 -0.0855411 
-0.0900901 0.0781913 0.0227611 
-0.0855411 0.0227611 0.153014 
0.241837 -0.104252 -0.0955276 
-0.104252 0.0879941 0.027763 
-0.0955276 0.027763 0.168514 
0.271391 -0.119415 -0.10635 
-0.119415 0.0985838 0.0330651 
-0.10635 0.0330651 0.18543 
0.302856 -0.135445 -0.117912 
-0.135445 0.109866 0.0386214 
-0.117912 0.0386214 0.203611 
0.335886 -0.152173 -0.130084 
-0.152173 0.121717 0.0443749 
-0.130084 0.0443749 0.222849 
0.370058 -0.16939 -0.142707 
-0.16939 0.133986 0.0502579 
-0.142707 0.0502579 0.242886 
0.404866 -0.186852 -0.15559 
-0.186852 0.14649 0.056192 
-0.15559 0.056192 0.263408 
0.439724 -0.204278 -0.168512 
-0.204278 0.159021 0.0620877 
-0.168512 0.0620877 0.284051 
0.473967 -0.221349 -0.18122 
-0.221349 0.171342 0.0678452 
-0.18122 0.0678452 0.304396 
0.506845 -0.237706 -0.193427 
-0.237706 0.183189 0.0733537 
-0.193427 0.0733537 0.323973 
0.537527 -0.252953 -0.204814 
-0.252953 0.19427 0.0784915 
-0.204814 0.0784915 0.342253 
0.565099 -0.266654 -0.215031 
-0.266654 0.204274 0.0831275 
-0.215031 0.0831275 0.358656 
0.588578 -0.278337 -0.223696 
-0.278337 0.21287 0.0871234 
-0.223696 0.0871234 0.372555 
0.606932 -0.287507 -0.230406 
-0.287507 0.219724 0.0903383 
-0.230406 0.0903383 0.383285 
0.619127 -0.293664 -0.234748 
-0.293664 0.224523 0.0926377 
-0.234748 0.0926377 0.390176 
0.624194 -0.296332 -0.23633 
-0.296332 0.227002 0.0939056 
-0.23633 0.0939056 0.392589 
0.621329 -0.295113 -0.234808 
-0.295113 0.22699 0.0940626 
-0.234808 0.0940626 0.389977 
0.610022 -0.28974 -0.229941 
-0.28974 0.22446 0.093087 
-0.229941 0.093087 0.381967 
0.590194 -0.280147 -0.221636 
-0.280147 0.219584 0.0910359 
-0.221636 0.0910359 0.368442 
0.562329 -0.266528 -0.210003 
-0.266528 0.212765 0.0880629 
-0.210003 0.0880629 0.349625 
0.527542 -0.249383 -0.195391 
-0.249383 0.204654 0.084423 
-0.195391 0.084423 0.326134 
0.487575 -0.229506 -0.178384 
-0.229506 0.196108 0.0804601 
-0.178384 0.0804601 0.298978 
0.444655 -0.207938 -0.159773 
-0.207938 0.188104 0.0765735 
-0.159773 0.0765735 0.269492 
0.401258 -0.185854 -0.140472 
-0.185854 0.181607 0.0731657 
-0.140472 0.0731657 0.239199 
0.359789 -0.164416 -0.121409 
-0.164416 0.177424 0.0705831 
-0.121409 0.0705831 0.209619 
0.322276 -0.144631 -0.103417 
-0.144631 0.176071 0.0690631 
-0.103417 0.0690631 0.182085 
0.290132 -0.127234 -0.0871369 
-0.127234 0.177709 0.0687031 
-0.0871369 0.0687031 0.15759 
0.264054 -0.112635 -0.0729729 
-0.112635 0.182133 0.0694564 
-0.0729729 0.0694564 0.136714 
0.244059 -0.100925 -0.0610843 
-0.100925 0.188847 0.0711555 
-0.0610843 0.0711555 0.119624 
0.229619 -0.0919357 -0.0514237 
-0.0919356 0.197161 0.073552 
-0.0514237 0.073552 0.106147 
0.219855 -0.0853215 -0.0437943 
-0.0853214 0.206313 0.076361 
-0.0437943 0.076361 0.0958732 
0.213725 -0.0806461 -0.0379128 
-0.080646 0.215563 0.0793007 
-0.0379128 0.0793007 0.0882657 
0.210179 -0.0774544 -0.0334636 
-0.0774542 0.224262 0.0821195 
-0.0334636 0.0821195 0.0827511 
0.208261 -0.0753217 -0.0301381 
-0.0753216 0.231888 0.0846108 
-0.0301381 0.0846108 0.0787858 
0.207165 -0.0738821 -0.0276597 
-0.073882 0.238052 0.0866174 
-0.0276597 0.0866174 0.0758932 
0.206246 -0.0728388 -0.0257941 
-0.0728387 0.242487 0.0880279 
-0.0257941 0.0880279 0.0736788 
0.205018 -0.0719632 -0.024352 
-0.0719631 0.245028 0.0887698 
-0.024352 0.0887698 0.071831 
0.203131 -0.0710879 -0.0231857 
-0.0710878 0.245591 0.0888013 
-0.0231857 0.0888013 0.0701129 
0.200347 -0.0700973 -0.0221835 
-0.0700972 0.244154 0.088104 
-0.0221835 0.088104 0.0683504 
0.196517 -0.0689184 -0.0212632 
-0.0689183 0.24074 0.0866771 
-0.0212632 0.0866771 0.0664209 
0.191566 -0.0675132 -0.0203665 
-0.067513 0.23541 0.084534 
-0.0203665 0.084534 0.064243 
0.185481 -0.0658727 -0.0194538 
-0.0658726 0.228258 0.0817 
-0.0194538 0.0817 0.0617684 
0.1783 -0.0640136 -0.018501 
-0.0640135 0.219414 0.0782133 
-0.018501 0.0782133 0.0589765 
0.170113 -0.0619756 -0.0174964 
-0.0619755 0.209047 0.074126 
-0.0174964 0.074126 0.0558711 
0.161062 -0.0598205 -0.016439 
-0.0598204 0.197371 0.0695063 
-0.016439 0.0695063 0.0524782 
0.15134 -0.0576303 -0.0153372 
-0.0576302 0.184654 0.0644416 
-0.0153372 0.0644416 0.0488451 
0.141189 -0.0555057 -0.0142079 
-0.0555056 0.171217 0.0590395 
-0.0142079 0.0590395 0.0450395 
0.130899 -0.0535619 -0.0130752 
-0.0535619 0.157433 0.0534281 
-0.0130752 0.0534281 0.0411476 
0.120795 -0.0519225 -0.0119689 
-0.0519225 0.143722 0.0477534 
-0.0119689 0.0477534 0.0372705 
0.111219 -0.05071 -0.0109229 
-0.0507099 0.130524 0.0421733 
-0.0109229 0.0421733 0.0335185 
0.102507 -0.0500343 -0.00997166 
-0.0500342 0.118272 0.0368483 
-0.00997166 0.0368483 0.0300036 
0.0949561 -0.0499801 -0.00914778 
-0.04998 0.107363 0.0319296 
-0.00914778 0.0319296 0.0268294 
0.0887965 -0.0505949 -0.00847825 
-0.0505948 0.0981091 0.0275459 
-0.00847825 0.0275459 0.0240816 
0.0841658 -0.0518808 -0.00798172 
-0.0518808 0.0907155 0.0237917 
-0.00798172 0.0237917 0.0218188 
0.0810942 -0.0537919 -0.00766659 
-0.0537919 0.0852558 0.0207189 
-0.00766659 0.0207189 0.020067 
0.0795063 -0.056239 -0.0075306 
-0.0562389 0.0816724 0.0183349 
-0.0075306 0.0183349 0.0188188 
0.079236 -0.0591004 -0.00756192 
-0.0591004 0.0797927 0.0166054 
-0.00756192 0.0166054 0.0180366 
0.0800549 -0.0622378 -0.00774151 
-0.0622377 0.0793614 0.0154639 
-0.00774151 0.0154639 0.0176604 
0.0817054 -0.0655128 -0.00804624 
-0.0655128 0.0800793 0.0148236 
-0.00804624 0.0148236 0.0176177 
0.0839326 -0.068802 -0.008452 
-0.068802 0.0816425 0.0145895 
-0.008452 0.0145895 0.0178326 
0.0865107 -0.0720073 -0.0089364 
-0.0720073 0.0837741 0.01467 
-0.0089364 0.01467 0.0182346 
0.0892578 -0.0750612 -0.00948058 
-0.0750612 0.0862445 0.0149838 
-0.00948058 0.0149838 0.0187637 
0.0920431 -0.077927 -0.0100701 
-0.077927 0.0888809 0.0154646 
-0.0100701 0.0154646 0.0193734 
0.0947843 -0.0805955 -0.0106951 
-0.0805955 0.0915667 0.0160621 
-0.0106951 0.0160621 0.0200305 
0.0974417 -0.0830797 -0.0113499 
-0.0830797 0.0942348 0.0167409 
-0.0113499 0.0167409 0.0207141 
0.100008 -0.0854079 -0.0120321 
-0.0854079 0.0968573 0.0174782 
-0.0120321 0.0174782 0.0214133 
0.1025 -0.0876188 -0.0127418 
-0.0876188 0.0994353 0.018261 
-0.0127418 0.018261 0.0221245 
0.104948 -0.0897557 -0.0134811 
-0.0897557 0.101989 0.0190835 
-0.0134811 0.0190835 0.0228493 
0.107393 -0.0918636 -0.014253 
-0.0918636 0.104549 0.0199443 
-0.014253 0.0199443 0.0235924 
0.109878 -0.0939857 -0.015061 
-0.0939857 0.107153 0.0208454 
-0.015061 0.0208454 0.0243604 
0.112446 -0.0961625 -0.0159086 
-0.0961625 0.109837 0.0217899 
-0.0159086 0.0217899 0.0251604 
0.115137 -0.0984303 -0.0167992 
-0.0984303 0.112637 0.0227817 
-0.0167992 0.0227817 0.0259994 
0.11799 -0.100821 -0.0177357 
-0.100821 0.115584 0.0238242 
-0.0177357 0.0238242 0.0268839 
0.121039 -0.103361 -0.0187204 
-0.103361 0.118705 0.0249203 
-0.0187204 0.0249203 0.0278195 
0.124312 -0.106073 -0.0197548 
-0.106073 0.12202 0.0260718 
-0.0197548 0.0260718 0.0288107 
0.127835 -0.108974 -0.0208395 
-0.108974 0.125544 0.0272792 
-0.0208395 0.0272792 0.0298608 
0.13163 -0.112075 -0.0219741 
-0.112075 0.129284 0.0285416 
-0.0219741 0.0285416 0.0309718 
0.135712 -0.115384 -0.0231573 
-0.115384 0.133244 0.0298564 
-0.0231573 0.0298564 0.0321445 
0.140094 -0.118903 -0.0243867 
-0.118903 0.137416 0.0312194 
-0.0243867 0.0312194 0.0333779 
0.144783 -0.122629 -0.0256586 
-0.122629 0.141788 0.0326247 
-0.0256586 0.0326247 0.0346699 
0.149785 -0.126552 -0.0269683 
-0.126552 0.146341 0.0340644 
-0.0269683 0.0340644 0.0360168 
0.155098 -0.13066 -0.02831 
-0.13066 0.151048 0.0355291 
-0.02831 0.0355291 0.0374133 
0.160719 -0.134932 -0.0296765 
-0.134932 0.155874 0.0370074 
-0.0296765 0.0370074 0.0388527 
0.166638 -0.139344 -0.0310599 
-0.139344 0.160778 0.0384864 
-0.0310599 0.0384864 0.0403269 
0.172844 -0.143868 -0.0324512 
-0.143868 0.165714 0.0399518 
-0.0324512 0.0399518 0.0418263 
0.179321 -0.14847 -0.0338404 
-0.14847 0.170628 0.0413878 
-0.0338404 0.0413878 0.0433402 
0.186052 -0.153111 -0.0352171 
-0.153111 0.175464 0.0427781 
-0.0352171 0.0427781 0.044857 
0.193018 -0.15775 -0.0365703 
-0.15775 0.18016 0.0441053 
-0.0365703 0.0441053 0.0463639 
0.200195 -0.162345 -0.0378887 
-0.162345 0.184655 0.045352 
-0.0378887 0.045352 0.0478479 
0.207563 -0.166849 -0.0391612 
-0.166849 0.188883 0.0465011 
-0.0391612 0.0465011 0.0492956 
0.215101 -0.171217 -0.0403769 
-0.171217 0.192783 0.0475357 
-0.0403769 0.0475357 0.0506934 
0.222787 -0.175403 -0.0415253 
-0.175403 0.196295 0.0484403 
-0.0415253 0.0484403 0.0520285 
0.230603 -0.179364 -0.0425969 
-0.179364 0.199362 0.0492007 
-0.0425969 0.0492007 0.0532883 
0.238533 -0.183058 -0.0435831 
-0.183058 0.201934 0.0498044 
-0.0435831 0.0498044 0.0544613 
0.246564 -0.186447 -0.0444763 
-0.186447 0.203966 0.0502411 
-0.0444763 0.0502411 0.0555373 
0.254688 -0.189498 -0.0452704 
-0.189498 0.205425 0.0505029 
-0.0452704 0.0505029 0.0565074 
0.262899 -0.192182 -0.0459607 
-0.192182 0.206281 0.0505844 
-0.0459607 0.0505844 0.0573642 
0.271193 -0.194475 -0.046544 
-0.194475 0.206517 0.0504827 
-0.046544 0.0504827 0.0581022 
0.279573 -0.196358 -0.0470184 
-0.196358 0.206123 0.0501978 
-0.0470184 0.0501978 0.0587174 
0.288041 -0.197817 -0.0473833 
-0.197817 0.205102 0.0497322 
-0.0473833 0.0497322 0.0592077 
0.296602 -0.198845 -0.0476396 
-0.198845 0.203461 0.0490908 
-0.0476396 0.0490908 0.0595726 
0.305262 -0.199438 -0.047789 
-0.199438 0.201219 0.0482809 
-0.047789 0.0482809 0.0598132 
0.314023 -0.199597 -0.0478343 
-0.199597 0.198401 0.0473117 
-0.0478343 0.0473117 0.0599324 
0.322889 -0.199325 -0.0477787 
-0.199325 0.19504 0.0461945 
-0.0477787 0.0461945 0.059934 
0.331858 -0.198629 -0.047626 
-0.198629 0.191173 0.044942 
-0.047626 0.044942 0.0598233 
0.340924 -0.197519 -0.0473801 
-0.197519 0.186844 0.043568 
-0.0473801 0.043568 0.0596069 
0.350073 -0.196003 -0.0470447 
-0.196003 0.182099 0.0420875 
-0.0470447 0.0420875 0.0592921 
0.359288 -0.194093 -0.0466232 
-0.194093 0.17699 0.0405163 
-0.0466232 0.0405163 0.0588873 
0.368543 -0.191798 -0.0461185 
-0.191798 0.171567 0.0388705 
-0.0461185 0.0388705 0.058402 
0.377803 -0.189128 -0.0455326 
-0.189128 0.165887 0.0371667 
-0.0455326 0.0371667 0.0578463 
0.387028 -0.18609 -0.0448666 
-0.18609 0.160003 0.0354213 
-0.0448666 0.0354213 0.0572315 
0.396172 -0.182692 -0.0441206 
-0.182692 0.153971 0.0336507 
-0.0441206 0.0336507 0.0565696 
0.405182 -0.178936 -0.0432934 
-0.178936 0.147846 0.0318713 
-0.0432934 0.0318713 0.0558739 
0.414006 -0.174825 -0.0423829 
-0.174825 0.141683 0.0300986 
-0.0423829 0.0300986 0.0551586 
0.422588 -0.17036 -0.0413858 
-0.17036 0.135535 0.0283478 
-0.0413858 0.0283478 0.0544389 
0.430876 -0.165538 -0.040298 
-0.165538 0.129455 0.0266334 
-0.040298 0.0266334 0.0537312 
0.438821 -0.160357 -0.0391144 
-0.160357 0.123492 0.0249688 
-0.0391144 0.0249688 0.0530529 
0.446384 -0.154815 -0.0378296 
-0.154815 0.117694 0.0233667 
-0.0378296 0.0233667 0.0524222 
0.453533 -0.148908 -0.0364381 
-0.148908 0.112106 0.0218386 
-0.0364381 0.0218386 0.0518576 
0.46025 -0.142634 -0.0349344 
-0.142634 0.106769 0.0203945 
-0.0349344 0.0203945 0.0513781 
0.466529 -0.135993 -0.0333137 
-0.135993 0.101722 0.0190432 
-0.0333137 0.0190432 0.0510025 
0.472378 -0.128988 -0.031572 
-0.128988 0.0969971 0.0177921 
-0.031572 0.0177921 0.0507488 
0.477819 -0.121624 -0.0297068 
-0.121624 0.0926225 0.0166469 
-0.0297068 0.0166469 0.0506339 
0.482888 -0.113913 -0.0277172 
-0.113913 0.0886213 0.0156117 
-0.0277172 0.0156117 0.0506727 
0.487628 -0.105869 -0.0256042 
-0.105869 0.0850109 0.014689 
-0.0256042 0.014689 0.0508781 
0.492096 -0.097512 -0.0233708 
-0.097512 0.0818024 0.0138797 
-0.0233708 0.0138797 0.0512601 
0.496349 -0.0888685 -0.0210223 
-0.0888685 0.0790012 0.013183 
-0.0210223 0.013183 0.0518257 
0.500451 -0.0799687 -0.0185663 
-0.0799687 0.0766071 0.0125968 
-0.0185663 0.0125968 0.0525781 
0.504464 -0.0708477 -0.0160122 
-0.0708477 0.074614 0.0121175 
-0.0160122 0.0121175 0.0535174 
0.508447 -0.0615452 -0.0133717 
-0.0615452 0.0730104 0.0117403 
-0.0133717 0.0117403 0.05464 
0.512453 -0.0521037 -0.0106578 
-0.0521037 0.0717805 0.0114595 
-0.0106578 0.0114595 0.0559386 
0.516527 -0.0425689 -0.00788513 
-0.0425689 0.0709042 0.0112685 
-0.00788513 0.0112685 0.057403 
0.520706 -0.0329877 -0.00506905 
-0.0329877 0.0703579 0.01116 
-0.00506905 0.01116 0.0590202 
0.525016 -0.0234079 -0.00222573 
-0.0234079 0.0701155 0.0111263 
-0.00222573 0.0111263 0.0607746 
0.529472 -0.0138768 0.000628451 
-0.0138768 0.0701488 0.0111594 
0.000628451 0.0111594 0.062649 
0.534082 -0.00444116 0.00347716 
-0.00444116 0.0704285 0.0112514 
0.00347716 0.0112514 0.0646243 
0.538841 0.00485454 0.00630447 
0.00485454 0.0709247 0.0113941 
0.00630447 0.0113941 0.066681 
0.543737 0.0139681 0.00909507 
0.0139681 0.0716073 0.0115799 
0.00909507 0.0115799 0.068799 
0.548752 0.0228601 0.0118345 
0.0228601 0.0724471 0.0118013 
0.0118345 0.0118013 0.070958 
0.553859 0.0314945 0.0145093 
0.0314945 0.0734155 0.0120511 
0.0145093 0.0120511 0.0731383 
0.55903 0.0398386 0.0171071 
0.0398386 0.0744855 0.0123226 
0.0171071 0.0123226 0.0753207 
0.564231 0.0478634 0.0196168 
0.0478634 0.0756315 0.0126098 
0.0196168 0.0126098 0.0774872 
0.569428 0.0555433 0.0220284 
0.0555433 0.0768298 0.0129068 
0.0220284 0.0129068 0.0796207 
0.574583 0.0628561 0.0243331 
0.0628561 0.0780583 0.0132087 
0.0243331 0.0132087 0.0817054 
0.579662 0.0697832 0.0265235 
0.0697832 0.0792971 0.0135106 
0.0265235 0.0135106 0.0837269 
0.584629 0.0763087 0.0285929 
0.0763087 0.080528 0.0138086 
0.0285929 0.0138086 0.0856721 
0.589451 0.0824195 0.0305358 
0.0824195 0.0817348 0.0140988 
0.0305358 0.0140988 0.0875293 
0.594096 0.0881053 0.0323478 
0.0881053 0.082903 0.0143781 
0.0323478 0.0143781 0.0892881 
0.598534 0.0933578 0.034025 
0.0933578 0.0840198 0.0146436 
0.034025 0.0146436 0.0909395 
0.60274 0.0981705 0.0355644 
0.0981705 0.0850741 0.0148929 
0.0355644 0.0148929 0.0924755 
0.60669 0.102539 0.0369637 
0.102539 0.0860562 0.0151238 
0.0369637 0.0151238 0.0938893 
0.610362 0.106459 0.038221 
0.106459 0.0869578 0.0153346 
0.038221 0.0153346 0.0951753 
0.613741 0.10993 0.039335 
0.10993 0.0877717 0.0155237 
0.039335 0.0155237 0.0963285 
0.61681 0.112949 0.0403045 
0.112949 0.088492 0.0156899 
0.0403045 0.0156899 0.0973451 
0.619558 0.115516 0.041129 
0.115516 0.0891138 0.015832 
0.041129 0.015832 0.0982219 
0.621978 0.117631 0.0418079 
0.117631 0.0896331 0.0159493 
0.0418079 0.0159493 0.0989563 
0.624062 0.119294 0.042341 
0.119294 0.0900467 0.016041 
0.042341 0.016041 0.0995467 
0.625809 0.120505 0.0427281 
0.120505 0.0903523 0.0161067 
0.0427281 0.0161067 0.0999917 
0.627219 0.121265 0.0429691 
0.121265 0.0905482 0.0161458 
0.0429691 0.0161458 0.100291 
0.628295 0.121575 0.0430642 
0.121575 0.0906334 0.0161583 
0.0430642 0.0161583 0.100443 
0.629042 0.121435 0.0430134 
0.121435 0.0906077 0.0161438 
0.0430134 0.0161438 0.10045 
0.629471 0.120846 0.0428169 
0.120846 0.0904712 0.0161025 
0.0428169 0.0161025 0.100311 
0.629591 0.119808 0.0424749 
0.119808 0.090225 0.0160345 
0.0424749 0.0160345 0.100029 
0.62942 0.118321 0.0419876 
0.118321 0.0898706 0.0159399 
0.0419876 0.0159399 0.0996043 
0.628974 0.116387 0.0413553 
0.116387 0.0894103 0.015819 
0.0413553 0.015819 0.0990396 
0.628275 0.114007 0.0405786 
0.114007 0.0888468 0.0156725 
0.0405786 0.0156725 0.0983377 
0.627347 0.11118 0.0396578 
0.11118 0.0881838 0.0155008 
0.0396578 0.0155008 0.0975019 
0.626218 0.107908 0.0385938 
0.107908 0.0874257 0.0153047 
0.0385938 0.0153047 0.0965363 
